2941
8 0 13 0 21
12 10 32
15 0 13
17 0 17 13 12 14 12 23 12 15 12 49 12 6 16 79 12 84 15 223 13 191 12 487 13 645 13 1177 17 900 14 1178 13 0 18 1179 16 1176 18
18 385 10
25 0 12 6 12 0 12 10 12
31 1341 2 28 12 29 12
34 0 14 0 13 6 12
36 21 27 21 12
37 6 34 32 13 6 15
39 6 31 6 12
43 1921 11 3 14 15 19 1 13 56 15 80 21
46 26 26 26 13
47 3 34 3 13
48 0 13 45 12 0 13 70 12 30 12 6 13
49 44 18 29 13 26 13 17 12 20 14 44 12 60 13 71 15
51 0 12 0 19
53 0 12 0 12
58 26 26 26 12
60 0 12 13 12 49 13 0 12 78 13 66 14 111 12
61 30 25 30 12
62 30 25 30 12
63 42 31 3 12 42 12
65 30 25 30 12 6 13
67 45 20 45 12
70 11 25 11 13 48 12 852 13 1123 13
71 49 33 49 12
73 0 12 0 12 74 12 97 12 275 1 414 12
74 73 24
76 30 25 30 12
77 69 20 69 12
78 69 21 60 14 69 13
79 75 24 42 12 17 12 75 12 6 12
80 0 12 6 12 29 12 43 12 1009 12 1143 12
87 6 32 6 13
91 0 13 84 13 3 13 56 13 883 12 79 12 132 12 6 15 0 16
96 4092 22 6 12 4092 12
107 0 12 0 12
116 81 24 81 12 6 16 2140 15
119 163 24 84 13
120 0 13 95 12 42 13 6 15 248 12 233 12 440 12 539 12 540 12 544 13 559 12 560 12 561 12 565 12 10 12 570 12 581 12 338 12 591 12 603 12 236 12 622 12 599 13 1341 1 2668 10
128 45 20 30 12 172 12 209 12 11 12 451 12 45 12 1 19 205 19 184 19 29 19
133 42 31 42 12
136 6 32 6 13
140 98 19 54 12 109 12
143 110 37 110 12
150 45 22 75 13 3 12
151 75 24 75 12
154 42 31 42 12 6 17
156 6 31 6 12
157 44 18 44 12
158 0 19
161 10 25 6 13 44 12 140 10 10 12 493 12 490 12 582 21 228 13
166 42 31
169 44 18 42 14 44 12
170 864 19 173 12 801 12 802 12 779 12 777 12 861 13 593 14 1029 12 1032 13 1078 12 1085 12 6 12 1123 12 1007 12 1181 13 510 12 1226 13 1335 12 864 13 347 12 1333 13 98 13 1297 13 2257 12 2449 12 313 12 2347 13
171 6 31 6 12
172 163 24 163 12
173 163 24 163 12 170 12 42 15 6 12 95 12 21 12
174 42 32 42 13
177 1907 21 175 12 396 12 611 12 646 12 805 12 255 12 1907 12 4115 12 2338 12
178 111 25 42 13 2 16 111 12
179 42 31 42 12
181 137 36
183 884 23 6 13 537 12 332 12 236 12 255 12 588 12 226 12 483 12 884 12 937 13 1255 12 323 12
184 0 18
187 0 12 0 12 726 12 684 12 233 12 356 13 884 12
189 176 24 176 12 257 12 42 13
191 17 29 42 12 201 12 20 12 1082 12
192 6 33 6 13
193 226 25 167 12
194 0 12 167 12 0 12
195 2821 18 6 16 132 12 15 12 308 12 366 12 415 13 566 15 16 12 893 12
201 1310 26 191 12 59 14 791 7 209 21 1321 13 0 19 300 17
205 0 12 204 13 210 12 211 12 251 12
208 343 25 26 13 343 12 158 12
209 44 18 176 12 128 12 45 12 283 12 309 12 327 12 44 12 331 12 353 12 6 16 451 14 159 12 723 12 731 13 733 12 736 12 767 12 776 13 201 19 1434 13
210 205 24 205 12 42 14
218 5 21 5 12 219 12
219 180 26 218 13 180 12 2405 18
220 0 12
223 17 30 17 15 1178 12
225 1236 22 42 15 30 12 1236 12
227 26 26 26 12
228 5 23 5 14 161 13 44 18 343 15 260 15
231 0 12 0 12 163 12
233 791 21 42 14 167 13 103 13 425 12 120 12 541 12 187 12 538 12 359 12 462 14 132 12 494 12 726 12 926 13 591 12 506 12 106 13 937 12 729 13 587 13 791 15 960 12 970 13 45 12 722 12 1136 12 739 12
235 103 24 103 12
236 376 24 42 14 183 12 376 12 120 12 589 12
237 230 20 230 12
239 217 32 42 19
241 240 30
242 106 26 167 12 3 13 265 12 266 12 106 12
244 16 23 243 21 16 12 279 12 217 15 701 12 813 12 760 14 867 12 1051 12 2602 15
245 44 18 44 12 103 12 320 14 6 13 42 12 159 12
246 163 24 163 12 59 12
250 176 24 176 12
251 205 24 205 12
252 163 24 163 12
254 6 31 6 12
255 729 21 234 13 428 14 84 14 183 14 462 16 625 14 216 14 626 14 551 14 310 14 483 14 589 14 177 14 819 14 820 14 729 14 824 14 243 16 684 14 861 16 879 14 944 16 1050 14 791 16
257 11 25 189 12 11 13
258 29 28 259 12 29 14 372 14 406 12 491 12 572 16 576 12 647 12
259 42 32 258 12 42 14
260 45 20 45 12 489 21 228 14
261 45 20 28 12 45 12 163 15 397 12
262 21 27
263 98 21 98 12
265 242 38 242 12
266 242 38 242 12
267 248 32 167 12
270 132 14 242 12 6 16 18 12 163 12
275 73 13
279 1261 32 244 12 629 12 630 12 649 12 3 16 689 12 1135 12 1261 12
283 209 30 209 12
286 6 31 6 12
287 234 24 234 12
288 1907 27 21 12
292 217 31 3439 12 3069 12 2953 13
301 217 32
303 217 32
304 217 33
309 209 30 209 16
312 3 34 3 12 256 13
314 6 31 6 12
315 98 21 98 12
316 0 12 163 12 330 12 0 12 75 13
318 163 26 6 14 163 14
320 217 32 245 14
325 6 31 6 12 1209 12
327 209 30 209 12
328 6 31 6 12
329 217 32
330 316 24 316 12
332 30 25 217 16 30 12 340 12 345 12 485 12 183 12
333 217 32
336 217 34
338 176 24 176 12 164 12 6 12 159 12 120 13 635 12 603 12 761 12
341 217 32
342 269 22 269 12
343 2254 13 208 12 299 12 383 12 361 12 442 12 308 12 447 12 6 12 457 12 164 12 477 12 45 13 228 13 734 12 850 12 1061 14
345 332 37 332 12
356 0 15 56 12 352 12 344 13 230 12 486 12 480 12 243 12 105 12 589 13 0 15 187 12
362 606 25 361 12 216 12 606 12 196 12 591 12 882 12 920 12 937 12
363 59 25 59 12
364 35 24 248 12 176 12 127 12 393 13 35 12 268 12
366 195 30 195 12 217 12 1149 12
372 432 22 159 12 258 14 352 12 431 12 56 12 432 1 551 12 725 1
373 217 33
378 2218 16 6 13 75 13 589 12 650 12 593 12 243 12 847 12 701 13 734 13 603 12 449 20 889 16 13 17
380 217 34
382 217 33
387 124 25 75 12 401 13 427 1 124 12 423 1 463 12 477 12 18 10 451 12 554 12 163 15 617 12 641 14 589 12 483 13 409 13
388 1955 23 216 12 243 12
389 6 31 6 12
390 354 38 354 12
391 0 12 0 12
393 381 26 313 13 381 12 365 12 364 13 396 12
394 176 24 176 12
396 226 24 393 12 408 12 619 12 226 12 145 12 177 12 278 12 931 14 2250 12 2241 13 26 14 3661 13 4027 13
397 428 26 261 12
398 0 12 0 12 424 12
400 6 32 404 12 6 13
402 0 12 0 12
404 400 44 400 12 432 10
409 1354 27 6 12 994 12
410 323 25 323 12
413 35 24 35 12 414 12 1885 12
414 73 24 413 12 73 12 368 12
419 435 38 403 12 338 12 435 12 715 12
420 6 32 335 14 6 12 195 12 399 12 409 12
424 0 12 398 12 0 12 26 12 512 12 653 14
426 3 33 3 12 435 14
430 428 26 368 12 428 12
431 372 34 372 12
432 45 9 310 12 159 12 359 12 372 13
433 6 31 6 13
434 422 38 422 13
435 226 26 226 14 419 12 426 14 719 15 833 13 485 13 714 13 812 13 500 15
440 783 24 395 12 502 14 6 13 455 13 120 12 317 12 448 12 163 13 462 13 646 13 853 12 497 12 875 12 507 13 783 13 1022 13
442 343 25 343 12
443 422 38
447 45 20
449 729 21 428 12 95 12 310 13 6 12 946 15 729 14 378 20 985 13 884 13 147 12
455 589 25 240 12 492 12 440 12 428 12 589 12 302 13 569 12 551 12 279 12 646 14 175 13 794 12 1281 12
457 103 24 343 12 103 12 556 12
460 27 26 27 12 234 12 1150 21 2065 14 2140 14 4732 21 4733 21
462 2218 14 240 12 486 14 514 13 255 15 608 12 591 13 440 13 233 14 1063 13 1291 14
463 45 20 45 12 387 12
471 0 12 0 12
476 10 25 354 12 1 12 931 13 428 12 10 12
477 343 25 436 12 343 12 387 12
478 45 20 45 12 243 12 490 12 10 12 1316 21
484 319 33 319 12
485 332 37 332 12 435 13
486 106 26 356 12 106 12 444 12 462 14
487 17 30 17 13 3523 14
488 26 27 26 14
489 260 41 260 21
490 688 23 436 12 127 12 444 12 478 12 347 12 161 12 222 13 493 13 1121 12 688 12
491 258 40 258 12
493 526 20 474 12 384 12 161 12 546 12 526 12 791 12 1027 21 104 16 490 21 6 13 2071 12 1764 13 896 12 2150 12 2077 12
494 0 16 344 12 496 12 483 12 461 12 792 12 673 12 856 12 233 12
495 1668 26 173 12 407 17 429 13 726 12 754 12 656 13 712 17 75 16 483 13 163 13 701 13 1124 12 313 12 145 14 2405 14 1324 14
501 45 20 45 12
502 359 24 440 14 507 13 359 13
503 451 33 451 12
504 159 28 159 12 406 13
507 864 18 502 14 6 13 354 13 514 13 222 13 310 13 45 13 551 13 646 12 440 13 2214 12 18 12 864 12 4502 13 841 17 506 12 4938 21
511 45 20
512 424 24 424 13
514 462 27 462 13 507 13 592 13 544 13 591 13 959 13 971 13 3960 12
515 480 31 480 12 809 13
516 480 31 480 12
518 180 27 64 13 403 13
521 2218 14 428 13 591 12 606 12 350 13 813 12 873 12 1213 12 1190 12
522 448 32 222 12 448 12
523 0 12 524 12 529 12 557 12 0 12 1629 12 1580 12 3157 12 3547 13 604 12
524 523 24 523 12 563 12 557 13 529 14 699 12
526 791 8 525 12 493 12 808 12 791 10 428 13 506 12 1434 13 1176 13
529 2731 23 523 12 530 21 532 12 533 14 524 14 628 13 642 14 605 13 666 12 720 12 616 13 775 12 1105 12 1118 12 1128 13 632 14 1195 14 600 15 2731 7
530 2247 11 529 21 532 12 600 12 666 13 1172 12
532 530 23 529 12 530 12 675 16 1418 13 1516 16
537 365 28 183 12 365 13 403 12 587 12 569 12 833 12 844 13 902 14 1059 12
539 120 25 120 13
540 120 25 120 21 542 12
541 591 28 591 12
543 6 31 6 12
548 310 24 365 12 310 13
549 3523 31 185 12
552 10 26 10 12 950 13 444 13 6 16
553 313 16 10 12 285 12
554 1011 31 387 12
555 344 24 344 12
556 2146 29 457 12 678 12
557 523 24 523 12 524 12 558 12 568 12 573 12 600 13 632 12 675 12
558 557 36 557 12
559 120 25 120 12
560 120 25 120 12
561 120 25 120 21
562 444 37 444 13
563 524 36 524 12
565 864 18 601 12 120 12 613 12 623 12 624 12 243 12 376 12 864 12 591 12 587 12 881 12 867 21 3659 12 3668 1 2354 12 3691 12
566 195 33 195 15
568 557 36 557 12
570 120 25 120 12
571 10 25 10 12
572 258 44 258 16
573 557 36 557 12 666 13
576 791 21 258 12 365 12 791 13 867 12
577 16 23 16 12
578 10 25 579 12 10 12
579 10 25 578 12 10 12 6 13
581 120 25 120 12
582 783 27 161 21 510 12 783 1
583 24 30 24 12
585 3308 24 19 13 657 13 984 12 428 12 0 12 719 14 1035 12 500 21 3308 14
588 216 32 183 12 216 12
589 0 13 455 12 216 12 168 12 232 12 226 12 236 12 606 12 0 13 592 12 481 12 387 12 648 12 609 13 378 12 356 13 359 12 346 13 347 12 444 12 268 12 483 15 310 13 132 15 692 13 255 13 810 12 3668 1 2819 9
591 2218 16 474 12 120 13 1 12 606 13 106 12 541 12 362 12 350 13 551 12 521 12 132 12 462 12 379 12 233 12 514 12 958 12 779 12 884 13 978 12 1192 12 688 15
592 45 20 575 12 593 12 589 12 701 12 704 12 45 12 514 12
593 2218 16 592 12 603 12 378 12 601 12 163 12 664 12 660 12 444 12 45 12 722 12 10 12 376 12 483 13 761 12 762 12 216 12 764 12 1 12 770 13 640 12 170 13 1106 12 916 1 747 12 1186 12 1202 12 1203 12 1066 12 230 12 551 12 1228 12 1133 12 876 12 1326 12
595 594 26 594 21
598 428 26 428 12 6 15
600 530 23 530 12 557 16 674 13 1283 12 1418 13 529 14
601 2218 9 626 12 593 12 665 12 700 12 771 12 774 12 565 12 1190 12
602 45 20 6 14 45 14
603 2587 24 120 14 593 12 203 12 306 12 637 12 338 12 651 12 378 12 746 10 18 12 4741 12 2587 12 5309 12
604 523 24
605 529 36 529 13
606 0 13 607 12 188 12 591 12 610 12 362 12 138 12 216 12 359 12 633 12 521 12 589 12 646 12 310 12 544 12 673 12 683 12 716 12 723 12 106 12 0 13 738 12 787 12 1249 12 841 12 269 13 1602 10 2273 13
607 606 25 606 12
610 359 24 609 21 606 12 1 13 359 13 536 12 677 13 310 13 277 12 1148 12
611 177 33 422 13 177 12 535 16
612 631 22 285 12 226 12 631 12 106 12
613 2218 16 565 15 226 13 640 12 609 12 285 12 646 12 483 17 132 12 697 12 791 14 1 14 10 12 859 12 888 12
614 221 25 6 12 221 13 628 15
615 21 27 21 12 6 12 306 12
616 529 36 529 13
617 729 20 1 12 387 12 602 12 45 12 881 12 729 13
619 396 36 396 12 1502 21
621 620 38 620 12
622 120 25 120 13 624 15
624 565 30 565 12 622 13
625 269 22 255 13 6 14 269 12 1121 12
626 601 21 255 12 601 12 365 13 106 13 14 13 740 13 1216 13 52 12
627 226 24 226 18
628 529 36
629 482 26 279 12 482 13
630 279 44 279 12
631 0 6 612 16
633 226 24 226 12 606 12
634 422 37 422 12
635 483 27 483 12 338 12
636 0 12 0 12 644 12
637 27 26 306 12 27 12 676 20 603 12 713 13 909 13 575 13 1021 12
639 264 25 19 12 203 12 106 12 84 12 652 12 264 12 694 12 28 14
640 230 20 613 12 230 12 593 12
641 387 39
642 529 37 529 14
644 636 24 636 12 681 12 950 12
645 17 30 17 13 609 12
646 791 21 606 12 527 12 264 12 613 12 705 12 703 12 709 12 726 12 740 12 752 12 497 12 780 12 538 12 648 12 177 12 806 12 814 12 815 13 821 12 673 12 791 13 826 12 810 12 825 12 824 12 376 12 440 12 507 12 887 12 867 21 480 12 921 12 1087 13 10 17 139 12 3777 12 2802 12 1512 12 3668 1 3725 12 841 13 3751 14 3796 12 3797 13 781 12 1277 12
648 589 25 589 13 646 12 796 12 804 12 483 12 914 16
649 3354 32 279 12
651 203 35
652 639 37 639 12
653 424 26
656 163 27 106 14 163 15 41 12 495 13
657 585 37 585 12
660 359 24 264 12 483 12 359 12 593 12 738 12 792 12
663 163 25 163 13
665 601 21 601 12
666 530 24 529 12 530 13 674 15 721 16 573 12 990 16
672 3 22
673 2218 16 606 12 365 12 483 14 646 12 494 12 132 12 24 13 750 13 684 14 791 15 930 13 867 14 1062 12 452 12 647 13 881 13 482 13
674 600 36 666 14 952 12
676 637 46 637 20
677 30 25 631 1 610 13 346 13 30 13
678 556 41 556 12
679 106 26 145 21 106 12
680 45 20 45 21
682 681 25 681 12
684 1341 13 6 13 774 12 771 12 138 12 726 12 739 13 187 13 683 13 646 12 834 12 694 14 255 12 879 13 881 12 933 13 949 12 866 12 121 12 921 12 1097 12 1059 13 1316 12 428 12 1341 12 1344 13
685 791 8 510 12 791 12 839 14 985 12 1037 12 972 14
687 347 28 686 12 347 12
689 841 25
690 429 33 429 13
692 452 20 6 14 737 13 589 14 722 12 452 12 1033 13 1032 14 1016 13
693 691 20 698 12 691 13 714 13
694 729 20 639 12 821 12 684 14 729 14 14 12 791 16 805 14
696 238 38 238 12
697 613 28 613 12
698 693 32 693 14
699 524 36 524 12
700 601 21 10 12 601 12
701 2218 16 10 12 702 12 592 12 739 12 230 12 769 12 244 12 495 13 861 12 378 13 198 13 106 12 791 13 932 12 966 12 985 12
702 106 26 701 12 106 13 757 13
703 10 25 10 12 412 12 1 12
704 592 32 592 12
705 646 33 646 12
707 691 23 691 15 740 12
709 646 33
712 163 25 163 13 495 15 799 19 6 13
713 637 39 637 13
714 693 33 798 13 693 16 435 13 844 14 948 13 955 13 825 14
715 1888 38
716 75 25 606 12 750 12 753 12 756 12 758 13 759 12 913 12 75 13 1145 12 482 13
717 1 31 1 12
718 163 24 163 12
719 1797 30 793 16 435 15 794 15 1034 16 1035 21 979 16 1043 16
720 529 35 529 12
721 867 33 379 12 666 16 867 12
722 593 28 593 12
723 606 25 606 12 209 12
724 10 25 10 12
725 372 23 372 12
726 3662 20 95 16 495 12 752 12 646 12 684 12 187 12 506 12 892 12 233 14 1002 12 3659 12 3662 12
727 3062 25 190 14 777 12 597 12 535 14 1092 14 1155 19
729 864 7 45 21 499 12 782 13 255 14 779 13 730 12 738 12 821 12 506 13 874 15 617 13 885 13 886 13 887 13 694 13 927 13 924 15 376 15 449 14 233 16 943 1 982 12 783 1
731 209 31 209 13
733 105 28 209 12
736 4092 11 209 12 30 12 16 13 973 21 937 12 1121 12 1198 12 1176 13 1012 12 1902 16
738 0 12 606 12 6 12 163 14 779 12 660 12 0 12 310 13 1 13 729 12 497 13 943 1 106 18
740 163 24 72 12 707 12 216 12 786 14 163 12 1086 12 1121 12 626 12 1012 12
742 230 20 230 12
746 29 15 29 12 747 12 603 12
747 746 27 743 12 593 12 746 1 18 12
753 1121 30 716 12 926 12 1121 12
754 98 21 495 12 98 12 497 12 789 12 26 12
755 482 25 482 13
756 716 37 716 13
757 821 31 702 13 821 12 791 13
758 791 21 716 13 791 13 908 13 436 15
759 716 37 716 12
760 1216 27 496 13 906 13 928 12 244 14 1036 13 16 12 1090 14 1216 16 1144 19 4230 12
761 791 21 593 12 845 12 860 12 791 13 338 13 376 14 1512 13
762 593 28 593 12
763 1104 10 551 12 483 12 594 12 867 13 1098 10 1102 10 1104 10 3405 13 2587 12 19 12
764 436 22 593 12 106 12
765 379 39
766 163 25 163 13
767 209 30 209 12
769 701 28 701 12
770 28 25 593 12 28 12 876 13
771 601 21 601 12 684 12 138 12 735 12
774 601 21 601 12 684 12
775 529 35 529 12
776 209 31 209 13 1070 12
777 497 24 497 12 170 12 727 12
779 729 20 738 12 170 12 729 12 791 12 867 12
780 646 33 646 12
783 729 8 497 12 785 12 786 12 582 19 791 14 729 15 440 16 974 15
784 163 26 163 14
785 783 20 783 12 786 12
786 783 20 785 12 664 13 740 14 791 14 857 14 783 1
787 606 25 606 12 505 12
789 754 33 754 12 801 12 1212 14
791 864 7 800 14 319 14 728 14 807 14 694 14 613 14 758 14 255 14 779 14 823 14 646 14 825 14 827 14 831 14 832 14 839 14 783 14 542 14 576 14 857 14 761 14 734 14 845 14 673 14 886 14 865 1 376 14 915 14 916 14 893 14 701 13 918 14 919 14 879 21 853 18 894 14 816 14 233 14 786 14 968 13 969 14 18 21 1 14 912 13 688 16 867 15 983 12 887 14 729 13 986 14 991 14 992 12 201 21 993 12 810 12 921 13 1003 12 1006 13 567 12 964 16 1009 13 884 15 896 12 874 14 1019 16 965 12 10 12 269 12 45 1 685 1 526 1 985 1 691 1 452 1 917 1 1166 12 230 1
792 494 28 494 12 660 14
793 500 24
794 500 25 719 16 455 12 902 12 500 13
795 26 26 26 12
796 648 37 735 12 648 12
798 714 46 714 13 520 13
799 712 44
801 29 26 170 12 789 12 791 12 29 12
802 170 31 170 12
803 734 33 734 12 954 12
804 444 36 648 12 444 12
805 1725 13 646 12 867 12 694 13 1012 12 1698 12 1725 12 2269 12
806 264 25 646 12 728 20 812 12 264 12 926 12
807 791 21 791 14
808 526 20 203 12 526 12
809 188 37 188 12
810 791 19 589 12 499 12 646 13 791 12 954 12
811 95 25 95 13
812 482 25 806 12 844 13 435 14 969 13 354 12 867 12 482 13 1023 14
813 521 26 521 12
814 646 33 646 12
816 791 21 815 12 791 14
817 815 34
818 30 25 30 12
819 255 35 255 13
820 0 12 255 12 882 12 0 12 111 12
821 729 19 646 12 828 12 26 12 729 12 835 12 691 12 694 12 10 12 836 12 757 12
822 745 31 350 13 745 12
823 791 21 791 14 830 13 834 13
824 646 33 646 12
825 791 21 791 13 714 12 646 12 838 13
826 646 33 646 12 867 13
827 791 21 791 14
828 1354 31 821 12
830 2062 30 823 13
832 791 21 791 14 26 12
833 435 39 435 13 537 12
834 688 23 823 13 684 12 863 13 882 13 688 12
836 506 23 821 12 506 12
837 6 32 6 13
838 483 27 825 13 483 12
839 791 21 791 14 685 14
843 841 25 841 13
844 862 37 812 13 862 13 905 13 537 13 714 14 403 13
845 791 21 761 12 791 12
846 10 25 10 12
847 378 28 378 12
848 403 39 403 14 719 16
849 497 25
850 343 25 21 12 343 12
852 70 38 70 12
853 1344 21 440 12 881 16 939 13 996 13 997 13 139 12 310 13 1211 12 1121 12 1401 12 791 10 1344 12
855 1764 20
856 494 28 494 16 495 16
857 791 21 791 14 786 14
858 691 21 691 13 1198 13 1598 20 1522 12
860 761 33 761 13
861 701 28 701 12 862 12
862 1658 25 861 12 844 12 931 12 902 13 1658 12 1970 12
863 841 26 483 12 954 12 834 13 436 14 791 12 14 12 1059 13 841 14
867 691 21 721 12 870 12 868 13 763 12 876 12 483 12 878 12 888 12 887 12 898 12 920 12 891 14 691 14 884 12 882 12 972 21 975 12 976 12 791 14 983 14 964 13 985 12 452 12 826 14 951 13 913 13 779 13 805 12 978 13 673 14 1032 12 934 13 565 13 1065 12 1053 12 1216 21 3 16 1033 1 1236 13 1690 12 646 16 1935 12 1902 12 1999 12
868 867 34 867 14
871 691 21 691 13 874 16 889 13
872 691 21 691 13 882 12 497 12 1354 12
873 521 26 521 12
874 791 21 871 16 729 15 791 14
875 440 36 440 12
876 75 24 867 12 911 13 770 12 317 12 258 12 980 12 300 14 1134 12 1227 13 593 13
877 482 25 482 12
878 867 33 867 12
879 884 24 884 13 1010 12 684 13 255 12 882 14 880 13 791 21 1013 12 841 12
881 684 25 684 12 617 12 853 21 565 21 912 21 1081 21 931 12 1276 13
882 2218 14 879 21 362 12 313 12 884 12 936 12 912 12 820 12 967 12 926 12 867 16 982 12 159 12 1068 12 872 12 354 12 646 12 834 12 897 12 1059 14 500 12 1191 12 567 13 1216 12 551 12 26 12 841 13 1244 12 1012 12 1121 12 896 12 1016 12
883 91 25 91 12
884 2592 11 428 15 882 12 183 12 867 12 926 12 591 12 190 13 977 12 987 12 429 12 449 13 791 15 879 13 972 12 841 12 187 12 864 14 1211 12 506 12 1025 12 1012 12
885 729 20 729 13 900 13 436 14
886 864 18 729 13 791 14 864 14
887 729 20 867 12 729 12 960 12 791 14 972 16
888 4458 20 613 12 867 12 1066 12 536 12 264 12 1268 12 1270 12 1276 12 1121 13
889 378 32 378 12
891 867 35 887 12 867 16
892 726 32 726 12
893 791 21 195 12 791 18
897 1987 24 882 12
898 1335 32 867 12 1335 12
900 17 31 17 16 885 13 21 12
902 3062 25 903 14 925 12 537 14 862 13 793 13 794 12 52 13
903 902 39 902 14
905 1059 29 844 14 1059 13
906 760 40 760 13
907 163 24 6 13 163 12 1332 13 1392 13
908 758 34
909 26 26 334 12 26 12 637 19 941 12
910 221 24 221 12
911 876 37 876 13
912 791 20 882 12 602 12 945 12 791 14 1071 12 934 12 881 12 1058 1
913 2077 26 716 12 867 13
914 648 41 648 16
915 791 21 791 14
916 593 17 791 13 937 1
917 791 8 1024 12 791 1 1088 13 1127 13
918 791 21 791 14 159 21
919 791 21 791 14 937 13
920 1341 13 867 12 362 12 1341 12 1324 12
921 1981 19 791 14 985 16 480 12 684 12 1094 13 646 12 896 12 376 12 841 13 1981 12
923 6 33 6 13
924 729 22
925 902 37 902 12
926 884 23 806 12 233 13 159 12 969 12 884 12 1063 12 753 12 1064 13 1078 12 1033 1
928 760 39 760 12
929 506 23 506 12
930 673 29
931 1051 32 862 12 946 15 867 12 476 13 719 14 881 12 396 14
932 701 28 701 12 940 12
933 684 26 684 13
934 26 26 866 12 867 12 1051 12 912 12
935 26 26 26 13
937 916 18 362 12 963 15 919 13 972 13 1022 13 916 1 183 13 938 13 1140 12 1204 13 984 13 587 12 736 12 1291 12
938 937 31 937 13
939 853 34 452 12
940 932 40 932 13 941 12
941 947 34 940 12 942 12 1021 12 947 12 909 12
942 941 46 941 12
944 255 37 255 16
945 688 23 912 12 688 12
946 449 36 449 15 931 15
948 714 46 714 13
949 684 25 684 12
950 644 36
951 867 34 867 14
952 674 48 674 13
954 810 31 863 12 1112 12
955 714 46 714 13
959 514 40 514 13
961 960 34 960 13
962 960 34 960 13
963 937 33 937 15
964 1098 21 999 13 972 14 1004 12 1007 14 1009 14 973 12 867 14 963 12 1098 12 1064 12 1153 12
965 791 19 452 13 791 13
966 701 28 701 12
967 882 26 1014 12 1015 13 1018 12 113 12 882 14 1055 12 1059 14
969 0 13 926 12 497 12 791 12 812 13
970 1341 13 233 13 6 14 1341 12
971 514 40 514 21
972 685 22 867 21 937 13 998 12 483 12 964 14 887 14 1007 14 884 12 1051 21
973 736 32 1002 12 964 12 736 21
974 783 23 783 15
975 867 33 867 12
976 867 33 867 16
978 591 28 977 12 979 12 855 12 591 12 867 13 1014 12
979 978 40 517 14 497 12 981 12 719 15
980 1059 28 876 12 971 12 1059 12
981 979 52 979 12 1043 12
982 729 19 882 21
983 791 19 791 19 867 16
984 937 31 585 12 937 13
985 791 8 685 12 449 13 701 12 896 13 867 21 1002 13 921 16 498 12 791 10
986 791 21 791 20
988 734 32 734 12
990 666 40 666 16
991 791 21 791 14
992 791 19 791 12
993 791 19 1291 13 1306 13 1176 13 791 1 1121 12 428 15 6 12 1293 12 4697 12 4528 12 4230 14
994 409 39
995 1051 32 866 13 1051 12 415 12
997 853 34
998 972 34 972 12
1000 6 32
1001 436 33 436 12 1033 1
1002 2302 20 973 12 985 13 444 13 313 13 159 13 831 14 1077 12 1089 12 1088 12 84 13 726 12 1121 13 610 12 230 13 1113 12 498 12
1004 964 33 964 12 1043 16
1006 791 20 791 13
1007 170 31 964 14 968 14 972 14 170 13
1008 139 26 139 13
1009 791 20 791 13 964 14 80 12
1010 139 26 139 12 879 12
1013 879 36 879 12 2779 12
1014 967 38 967 12
1015 967 39 967 13 1130 17
1016 882 26 692 12 882 12
1017 444 36 444 16
1018 967 38 967 12
1019 791 23 791 16 918 16
1020 896 26 896 12
1021 637 38 1030 12 941 12 1138 12 1384 12 1367 12
1022 937 31 937 13 440 13 1051 13
1023 175 33 1233 13 1235 13 175 12 812 14
1024 917 20 917 12 1078 21 829 12 1168 12
1025 452 20 84 12 452 12 623 12 884 12
1027 105 28 1121 12 1122 12
1028 186 24 186 12
1029 170 31 170 14
1030 1021 50 1021 12
1032 452 20 170 18 692 14 867 12 106 12 452 12
1033 867 22 692 19 926 13 867 13 1001 12
1034 719 46 719 16
1035 585 36
1036 760 40 760 13
1037 685 20 685 13 1038 13 1039 13 1040 13 1041 13 1042 13 1044 12 1045 13 1046 13 1047 13 1048 12
1038 1037 33 1037 13
1039 1037 33 1037 13
1040 1037 33 1037 13
1041 1037 33 1037 13
1042 1037 33 1037 13
1043 1059 37 1004 16 719 16 1059 21
1044 1037 32 1037 13
1045 1037 33 1037 14
1046 1037 33 1037 13
1047 1037 33 1037 14
1048 1037 32 1037 13
1050 255 35
1051 452 20 1022 13 867 21 1052 12 1054 12 354 12 1063 12 244 12 931 12 452 21 1065 12 882 13 164 12 763 13 934 12 1072 12 1073 13 264 12 415 12 1086 12 995 12 685 12 972 21
1052 1051 32 867 12
1054 1344 21 1051 21 867 21 1344 13 1756 12 1634 12 1742 13 26 12 1293 12
1055 967 38 967 12 1056 12 1139 12
1056 1055 50 1055 12
1058 841 13 841 14 912 12
1059 2218 16 980 12 967 17 684 13 882 13 1091 14 987 12 537 12 1193 12 905 13 1043 21 863 13 412 12
1060 452 20 452 12
1061 343 27 343 12
1062 673 28 673 12
1063 462 27 867 12 926 12 1072 12 1075 12 462 13 1121 12
1064 964 33 926 13 736 12 964 13
1065 1051 32 867 12 1051 12
1068 882 26 882 21
1069 456 37 456 12 1170 1
1070 776 43 776 12
1071 26 26 912 12 26 12 1137 12
1072 452 20 867 12 1063 12 452 12 26 13 3623 13
1075 452 9
1076 452 20 452 12
1077 1002 32 1002 12
1078 230 20 841 13 170 12 230 12 1129 12 1024 21
1079 444 36 444 12
1080 306 36 306 12 2193 21
1081 881 46 881 21
1082 191 41
1085 170 31 170 12
1086 1051 32 972 12 1051 12 740 12
1088 917 21 1066 12 1002 12 917 13
1089 1121 30 1002 12 669 12 937 12 1121 12
1090 1144 33 760 14 1144 14
1091 497 24 497 12 1059 14
1092 1093 24 727 14 669 21 1104 6 1093 12
1093 0 12 1092 12 0 12 232 12
1094 921 32 921 13
1095 26 26
1096 26 26
1097 684 25
1098 45 9 964 12 1099 21 1100 14 1101 17 1102 13
1099 45 9
1100 1098 23
1101 1098 26
1102 45 9 1103 15 1099 17 1098 15 1104 16
1103 1102 24
1104 45 9 669 1 763 1
1105 529 35 529 12
1106 593 28 1108 12 1246 12 1276 12
1108 1106 40 1106 12
1111 987 33 987 12
1112 954 43 954 12
1113 505 18 977 12 1002 12
1114 269 22
1115 734 32 734 12
1119 1118 34 1118 16
1120 480 31 480 12
1121 864 18 734 12 1027 12 623 12 1151 12 1154 12 1164 12 1167 12 1174 12 1176 12 1180 12 1161 12 1183 12 1184 12 1185 12 1002 12 1207 12 1202 12 1208 12 1063 12 740 12 1216 12 1223 12 1224 12 1225 12 1188 12 52 12 313 12 1221 12 736 12 864 12 1228 12 1230 12 1279 12 1278 12 1282 12 1274 12 1284 12 1289 12 1292 12 888 12 490 12 1291 12 1266 12 688 12 625 12 1089 12 1304 12 1306 12 18 13 882 13 1331 12 1211 12 1335 12 1337 12 1201 12 753 12 1361 12 269 12 0 16 482 13 1245 12 993 12 500 12 853 12 1406 12 1276 13 841 13 1344 12 1326 12 1512 12
1122 1027 40 1027 12
1123 170 31 170 12 70 13
1124 977 32 495 12 977 13 1239 13
1126 987 33 987 12
1127 917 21 917 16 165 12 1165 12
1128 529 36 529 13
1129 163 24 1078 12
1130 1015 56 1015 17
1133 593 28 230 21 593 12 1326 12
1134 876 36 876 12
1135 323 25 323 12 279 12 1279 12 1286 1
1136 233 33 233 12
1137 1071 38
1138 734 33 1021 12 734 13 505 12
1139 1055 50 1055 12 791 12
1140 497 24 497 12 937 12
1141 139 26 139 12
1142 230 22 1158 12 230 16
1143 80 24
1145 716 37 716 15 1146 12
1146 1145 49 1145 12 1147 12
1147 1146 61 1146 13
1148 610 36 610 12
1149 1981 19 366 13 1260 12
1150 2146 29 460 21 2065 12 2146 12
1153 964 33 964 12
1154 1121 30 1121 12
1155 2819 28 727 19 1156 12
1156 1157 32 1155 12
1158 896 25 1142 12 896 12
1161 86 24 1121 12 1175 12
1162 734 32 734 12
1164 1121 30 1121 12 1165 12
1165 1127 33 1127 12
1167 1121 30 1121 12
1168 1024 32 1024 12 1069 12
1170 1069 38
1171 1159 40 1159 12
1172 530 23 530 13
1174 1121 30 1121 12
1175 1161 36 1161 12
1177 17 34 1178 12
1178 17 30 17 14 1177 12 223 12
1179 17 33 17 16 2 9
1180 1121 30 1121 12
1183 1121 30 1121 12
1184 1176 24 1121 12 1176 12
1185 1166 19 1121 12 10 12 1166 12 1202 13 987 12
1187 27 26 27 12
1188 1121 30 1157 12 1121 12
1189 1157 34 1157 12 1200 12
1190 601 21 521 12 601 12 1271 12
1191 882 26 882 21
1192 591 28 591 13
1193 1059 28 1059 12
1194 734 32 734 12
1195 529 37 529 16 1265 12
1198 736 23 1176 13 858 13 1189 12 1202 13 1225 12 1212 12 1216 14 736 13 106 12
1200 1201 42 1189 12 1201 12
1201 1121 30 1200 12 1053 12 1121 13
1202 593 28 1198 13 593 16 1185 14 1160 13 1121 13
1205 3 39
1207 1121 30 1121 12
1208 1121 30 1121 12 1214 12
1212 1198 35 789 14 1198 12
1213 521 26 521 12
1214 1208 42 1208 13
1216 2247 11 867 21 1121 12 626 14 344 12 882 14 996 13 1222 13 791 1 1237 12 3 20 1241 16 688 14 760 16 1248 13
1220 1219 58 1219 21
1221 1121 30 623 12 1157 12 1121 12
1222 1216 24 1176 12 497 13 1216 13
1223 1176 24 1121 12 1176 12
1224 1121 30 1121 12
1225 1121 30 1121 12 1198 12
1227 1293 21 876 13 1236 12 1229 12 1296 12 1293 12 510 12 1053 21 1012 12 428 18 6 15 26 12 1160 13 745 12
1228 593 28 1229 12 996 13 1121 12
1229 412 32 1228 12 412 12 1227 12
1232 1231 23 1231 13
1233 1023 46 1023 12
1235 1023 46 1023 12
1236 98 10 1252 12 867 12 98 1 1250 21 864 13 1227 13 791 1 225 12
1238 1166 19 594 12
1239 1124 45 1124 13
1241 841 24 841 12 1216 16
1242 497 24 497 12
1243 1210 56 1210 16
1244 882 26 882 21
1246 1106 40
1247 26 26 734 12 26 12
1249 2218 16 606 12 428 12 452 12 1216 12 1012 12 688 12 1276 12 1157 12 497 12 1587 16 1592 13
1250 1236 31 152 12 1236 21
1252 98 10 98 1 1236 15
1255 452 20 183 12
1256 412 32
1257 1053 32 1053 12
1258 452 20 452 12 26 12 1053 12
1259 452 20 452 12 1176 12
1265 1195 49 1195 12
1266 1121 30 922 12 1121 13
1268 888 32 888 12
1269 1012 25 1012 12 1254 12 880 13 495 12
1270 888 32 888 12
1272 922 36 922 12
1273 26 26
1279 1121 30 1121 12 1288 1 1135 12
1282 1121 30 1121 12
1283 5158 30 600 14 5158 12
1287 1176 25 896 12 1226 21 1335 12 26 12 1176 13
1288 1279 31 1286 12
1289 1121 30 1121 12
1291 864 18 1271 12 993 13 937 12 1121 12 462 14 428 12 864 12
1292 1121 30 1121 12
1296 26 26 1227 12 26 12
1297 896 25 896 12 26 12 170 12
1298 84 39 1098 1 1103 1 1101 1 1100 1 1099 1 1102 1 791 1
1304 347 28 1121 12 347 12
1305 623 30 623 12
1308 1271 31 1271 12
1309 428 26 428 12
1316 684 25 478 21 1317 13 684 12
1317 1326 34 1316 13 1326 12
1318 1311 25 1311 12
1319 26 26
1320 26 26 1271 12 26 12 1291 12
1322 323 25 323 12
1325 1324 30
1326 230 20 1339 14 1317 14 632 13 1133 14 1365 14 593 14 1234 14 59 14 1276 14 1369 14 188 14 551 14 1424 14 1293 14 1160 15 1121 14 505 12
1330 594 26 594 12
1331 1121 30 1121 13
1333 1306 24 1306 13 170 13 1354 12 1476 12 2077 13
1335 2302 20 898 12 1336 12 1287 12 1121 12 1337 12 1087 12 587 12 1345 1 1346 12 1348 12 170 12 1368 12 30 13
1336 1335 32 1335 16
1339 1326 34 1326 21
1340 26 26 26 12
1342 864 18 880 13 1343 12 1160 21 594 21 864 12 30 12
1343 841 24 1342 12 841 21
1345 1335 21
1346 1335 32 1335 12
1348 1335 32 1335 12
1358 864 18 428 12 1375 12 864 12 1316 12
1359 1341 13 428 12 1324 12 1341 12 896 12
1362 26 26 26 12
1364 734 33 734 12
1365 1326 34 1326 14
1366 306 36 306 12
1368 59 26 59 13 1335 13
1371 26 26
1372 30 25 30 12 428 13
1373 428 26 428 12
1375 1358 30 1358 12
1376 1226 31 1226 12
1377 1176 28 1176 16 4986 15
1380 428 27 428 13
1381 896 25 896 12
1382 734 34 734 13
1384 1021 50 1021 12
1385 6 31
1386 428 26 428 12
1387 428 27 428 14
1389 26 26 26 12 1390 12
1390 1389 38 1389 12
1391 26 26 26 12
1392 907 37 907 13
1393 30 25 30 12 580 12 428 13
1395 841 24 1396 12 506 13 483 12 841 13
1396 864 20 1395 12 26 12 977 15 1421 13
1397 26 26
1398 26 26 26 12 68 12
1400 623 19 1334 13 1160 13
1401 27 26 853 13 27 13
1402 26 26
1405 1341 13 1341 16
1406 1121 30 1121 12
1407 26 26
1409 26 26 26 12
1411 734 33 734 13
1412 1408 35 1408 12
1413 506 23 506 12 240 12 1414 12 1344 12
1414 1344 22 1413 12 1344 12
1416 26 26
1417 26 26
1418 532 36 532 13 600 14
1419 1176 25 1176 14 734 12 26 12
1421 1341 14 1396 13 240 15 1344 14 1341 16
1423 1211 35 1211 12
1424 1326 34 1326 14
1425 1354 27 1354 12 1434 12
1426 1344 21 26 12 1344 13 506 16 1408 12
1431 26 26 26 12
1433 165 22 165 12
1434 864 18 1425 12 526 13 209 13 30 12 1452 12 1354 13 864 12 506 12
1436 1344 21 506 13 1344 13
1438 1176 24 1176 12
1440 26 26 26 12
1441 26 26 26 13
1442 1341 15
1443 1344 21 500 12 1176 12 26 12 483 12 1344 12
1445 1344 21 1344 12
1448 240 30 240 12
1450 240 30 240 13
1452 1434 30 1434 12
1462 26 26
1463 26 26 1456 12 26 12
1466 1465 24
1467 1344 15 1344 12 165 12
1468 1344 23
1470 1344 21 1471 12 1370 12
1471 1470 33 1470 12
1473 1344 21 1344 12
1475 1344 21
1476 83 32 83 12 1333 13
1480 26 26
1481 1344 21 1344 12 1430 12
1487 1354 27 1354 12
1490 10 25 10 12 26 12
1491 26 26
1493 1344 21 1344 14
1494 10 25 10 12
1495 1311 25 1311 12
1497 26 26
1502 619 57
1504 26 26 26 12
1506 1176 24 1176 12
1508 75 26 75 14
1509 26 26 26 12
1510 1344 21 1344 12
1511 1293 22
1515 26 26
1516 532 39 532 16
1517 26 26 26 12
1518 26 26
1520 1505 26 1505 12
1524 1341 13 1306 13 1525 13 1344 12 1554 12 1341 12 1564 12 1574 12 1293 12 1563 13 1541 12 1617 21 1661 12 1503 12 1670 12 1672 13 864 12 1694 12 1324 12 1742 12
1525 1524 26 1524 13
1526 1519 23 1519 12 1533 12
1527 1341 13 1341 12
1528 97 15 1556 21
1529 1571 32 734 13
1530 1344 21 1500 14 1354 14 1344 14
1531 1512 24 1512 12 1522 13
1533 1526 35
1534 864 18
1536 1519 23 1519 12
1538 1500 20 1500 12
1545 1541 26
1553 1522 25 1522 12
1554 1522 25 1522 12
1562 1512 24 1512 12
1563 1522 26 1524 14 1522 15
1564 1519 23 1524 12 1519 12
1565 896 14 313 14 896 12
1569 26 26 26 12
1570 1522 25 1522 12
1573 1240 23 1240 12
1577 1541 25 1276 12 1541 12
1578 1176 24 1176 13
1579 1341 13 1341 12 1344 12
1581 1522 25 1522 12
1583 26 26 26 12
1587 1249 32 1249 21
1589 2669 20 30 12
1592 1293 21 1619 12 1611 12 1621 14 145 12 538 12 1630 12 1643 12 1344 12
1593 506 23 506 12 1541 12
1595 26 26 26 13
1598 858 41
1601 1522 25
1602 864 18 139 18 1459 12 269 1
1604 26 26
1611 1341 13 1592 12 1522 21 1240 12 1341 13 1685 14 1532 12
1617 1524 34
1618 1240 23 26 12 3 12 1522 12 1240 12
1619 1522 25 1522 12 1592 12 6 12
1621 1293 22 1592 15 1293 13
1623 2218 16 1657 12 1691 12
1625 1571 21 1571 12
1630 1344 21 1344 12 1592 12 1541 12 1642 12
1632 26 26 26 12
1633 1624 31 1624 12
1634 1344 21
1635 1354 27 1354 12
1636 1344 21 1344 14
1637 1522 25 1522 12
1641 497 24 1354 12
1642 1276 26 1630 12 1276 12
1645 26 26 26 12
1648 26 26
1649 1547 34
1650 1585 31 1585 12
1652 1522 25 1522 12
1653 26 26 26 12
1656 26 26 1655 13 1354 12 6 12 26 14
1657 1623 28 1623 12
1658 1725 13 862 12
1659 1571 21
1660 1354 27
1661 1524 25 1524 16
1662 1654 32 1654 19
1663 26 26
1664 1547 30 1547 12
1665 1571 33 1571 12
1670 1524 25
1671 734 33 734 13
1672 1524 26 1524 13
1674 1240 23 734 12 1240 12 26 12
1680 1341 13 1341 12
1684 1519 25 1519 14
1690 1521 22 1519 12 453 12 216 12 1693 10 1293 12 1685 12 867 12 1521 13 1513 14 1742 13
1691 1623 28
1692 864 18 864 12 1204 12
1693 1690 32
1696 -1 -1 791 1
1700 1725 13 1640 13 820 12 1541 12 1647 12 1668 12 1758 12 1725 12 1685 12 2150 12 1902 12 1275 12 987 12 2882 12 3032 12 2284 12 1764 13 2570 13 1981 1 1521 12 18 14 5601 12 5319 12
1707 0 1 145 13 1765 12 1774 13 1568 13 1742 13 0 13 1456 16 1736 12
1710 864 7 1698 12 1541 13 781 10
1715 27 27 27 14
1717 1354 27 1698 21 1354 12
1720 1628 34 1628 16
1722 1571 32 1571 12
1723 4253 23 1718 16 1522 13 1867 12 1644 15 1800 13 1799 16 1687 15
1724 139 26 139 12
1733 1512 24 1698 13 1741 19 1866 12 1512 12 2349 12 1369 12 2486 12 132 12
1736 1707 13 1725 14 1707 12
1739 1176 24 1176 12 1276 12 1571 12
1741 1733 43 1733 21
1742 1725 13 1725 12 26 12 1690 13 1753 12 1054 12 1524 12 1281 12 1762 12 1707 13 264 12 864 12 6 12 18 12 1354 12 10 13 2125 13 1981 12 2587 15 3580 12
1743 1647 25 1647 12 139 12
1744 1725 13 1708 12 1725 13 2293 12
1745 1732 38
1747 864 18
1752 1571 32 1571 12 1780 16
1753 1240 23 1742 12 1719 12 500 12 1240 12
1755 1698 29 1698 12
1758 1668 25 1700 12 1668 12 1469 14
1761 1698 29 1698 12
1762 1742 25 1698 12 1742 12
1763 1306 23 1631 12 18 12 1306 12 64 12 1421 12 1767 12 736 12 355 12
1766 26 26 26 12
1767 1763 35 1763 12
1770 1324 26 1324 12
1771 1764 21 1647 13 1727 12 1764 12 2043 12
1772 1324 26 1324 12
1774 1725 13 1725 12 1707 14 864 13 499 12
1775 27 26 27 12
1779 1698 29 1698 12
1780 1631 30 1752 16 457 16
1783 1764 20 1644 14 1576 12 1276 13 18 21 2077 12 1764 14 4511 12 977 14 1341 1
1784 1698 29 1698 12
1785 27 26 27 12
1788 26 26 26 12 1698 13 1872 12
1789 27 26 27 12
1790 26 26
1792 1764 21 1293 12 26 12 321 12 1764 13
1795 864 18 864 12
1796 1444 26 1276 12 1571 12 1444 12
1799 98 21 1723 12 98 12
1804 1764 20 1276 12 2156 12 1764 12 2242 12 2083 12 264 12 1814 15 2269 13 2209 13 2077 13 1718 12 2338 12 5355 12 4559 13 5427 13 240 10
1806 1725 13 1725 12
1809 1444 25
1810 1725 13 1725 12
1811 26 26 26 12
1812 6 31
1815 864 18 864 12
1816 1344 10
1819 1725 13 1725 12
1822 1144 33 1144 12
1823 26 26 26 12
1832 1800 30 1644 16 1800 16 18 21 1631 12 2536 12 1341 1
1838 1725 13 1725 12
1843 864 18 864 12 1814 12 483 12
1845 483 27 483 12
1846 506 23 506 12 1827 12 1541 12 1883 12 1240 12
1849 506 23 506 13
1852 26 27 1422 15 26 16
1855 1698 29 1698 12
1857 483 27 483 12
1858 1725 13 1725 12
1860 1540 30 1540 12 1862 12
1861 864 18 864 12 26 13
1862 1860 42 1860 12
1864 10 26 10 13
1866 452 20 1204 12 1708 12 1733 12 1718 12 1933 12 1549 12 2080 13 1629 12 2339 12 2312 14 26 16 452 12 977 12 2570 13 3573 12
1867 1800 27 1723 12
1868 483 29
1872 1240 24 1698 12 26 12 1240 13
1877 1725 15 10 12 41 12 1725 14 2062 12 3607 12
1878 1814 24 1814 12
1879 1541 25 1541 12
1880 26 26
1881 1830 35 1830 12
1882 26 26 26 13
1883 1846 35 1846 12
1885 1240 23 413 12 1240 12
1886 1144 37
1887 864 18 26 12 1903 12 864 12 1667 12 2238 14 3783 16 2845 21
1889 1698 29 1698 12
1890 1764 21 1585 12 1698 12 1764 13
1894 1240 23 1698 12 1240 12 896 12
1902 505 18 2021 12 2065 12 1541 12 2006 12 2146 12 2093 12 1644 16 2000 13 736 13 2250 12 2117 14 2349 12 1571 21 1700 12 2405 16 2526 12 2609 16 2023 19 2544 12 3338 12 3497 12 3658 14 3668 1 3680 1 3681 1 3518 14 1144 16 3674 12
1903 1204 24 1887 12 1204 12
1904 1764 20 1764 12
1905 864 18 26 12 1853 12 1275 12 864 12 1814 12
1906 1764 20 1764 12
1907 1500 9 1909 12 1850 13 1899 13 1938 12 1943 12 1668 15 1853 12 551 12 18 12 2166 12 1160 14 2308 12 1920 12 2373 12 1500 1 1290 13 2751 14 2815 13 1341 1 2637 13 2028 13 2861 10 506 12 2761 12 2767 12 2795 12 2775 12 2770 12 2799 12 2793 12 2802 12 2804 12 2369 12 2817 12 2847 12 1876 12 2854 12 2852 12 2872 12 2873 12 2796 13 2809 13 2856 13 2875 13 2899 12 2914 12 2929 12 2707 12 2935 12 2946 12 864 13 2943 13 2941 10 2972 12 2973 12 2294 12 177 12 264 19 1647 14 2569 12 2459 12 2970 12 2996 12 3003 12 3002 12 2366 12 2837 12 2587 14 3008 12 2674 14 2338 12 2328 13 3016 12 2947 14 2968 12 2771 12 3017 12 3018 12 3019 12 3021 12 2903 12 3026 12 3027 12 3012 13 2789 14 3069 14 2077 14 2313 12 2505 14 3116 13 3097 12 3123 12 2891 13 3010 12 3135 12 2951 16 3138 16 3141 1 2976 15 3005 13 3024 13 2857 12 2840 10 2893 14 2800 13 3282 12 1844 1 2342 14 3328 12 3336 1 2580 19 3191 19 2906 16 2070 12 3254 12 3037 12 3427 12 2724 16 2977 14 3033 13 3504 12 3565 13 2820 14 3576 12 2849 15 3007 13 3349 12 3545 12 3618 12 3689 12 2321 12 3785 12 3774 12 3787 12 2895 16 2855 14 4019 12 3029 14 3120 15 4229 12 4027 13 4238 12 2675 12 3825 15 4645 16 4680 12 1764 13 4548 10 3995 1 4053 12 4933 12 165 1 288 18 1687 10 3911 10 3802 13 3322 12 5310 21 3430 10 5175 12 5360 1 4182 16 5434 12 5662 12 5319 12 2592 1 4092 19 5737 16 5550 1
1908 1981 19 1764 14
1909 1725 14 1907 14 1850 12 1955 9 1961 9 1725 13 1821 12 1987 13
1910 864 7 1853 12 864 12
1915 1204 24 1204 12
1917 1814 24
1919 1814 24 1814 12
1920 1907 21 1918 12 1276 10
1923 1922 33 1922 13
1924 1725 13 1725 12
1926 1725 14 1876 14 1918 14 1725 14
1927 1725 13 1918 12 1725 12 26 12 1607 12 1240 12
1928 1240 23 1240 13 1176 15
1929 1764 23
1933 1866 32 1866 12
1934 1176 25 1176 13
1936 6 32 6 12 1905 12
1937 26 26
1939 19 34 19 13
1940 1321 19 10 13 506 12 1794 13 1274 12 2248 12 1321 10
1941 1240 23 1240 12
1947 506 23 506 12 26 12 1794 13 1571 12
1949 1794 31 1794 21
1952 1814 24 1814 12
1953 1725 14 1639 14 1725 13
1955 1764 10 1500 12 388 13 1957 12
1956 1764 22 1764 14
1960 1571 32 1571 13
1961 1909 23
1962 1725 16 1725 15
1963 1500 21 1500 12
1964 10 25 1607 13 10 13
1969 10 25 1977 12 1541 15 1983 13 10 12 1631 12 2349 12
1972 1764 25 1764 21
1973 1293 21 1204 12 2207 12
1974 1240 23 1240 12
1975 1725 13 1725 12 1976 13 1809 13 2047 12 2245 13
1976 1975 26
1977 1969 37 1969 12
1978 26 26 26 12
1979 1911 37 1911 21
1980 1571 32 1571 13
1982 26 26 26 12
1984 864 18 864 12
1985 163 24 1276 12 163 12
1986 1465 24 1465 12 1981 12
1989 864 18
1990 1725 13 1725 12
1994 30 25
1999 0 15 0 12 153 12 6 12 1981 12 1160 15 867 13
2000 1902 31 1644 15
2004 1814 24
2005 1725 14 1875 12 1725 13
2008 1764 20 1764 13
2019 1981 19 1981 13
2021 1902 30 1580 12 1902 12
2022 1644 33 1644 15
2024 1981 19 1240 12 10 12 1875 12 1981 12
2027 26 26
2029 1764 21 1764 16
2030 782 35
2035 1764 25 1764 18 2240 12 264 12
2040 2045 31 2037 12 2045 12
2043 163 24 163 12 2055 14 1853 16 1771 12
2044 163 24 163 12
2045 1981 19 2040 12 2037 12 1181 12 1981 12
2046 1240 23 1240 13
2052 1981 19 1981 12 1875 12
2054 2084 22 1685 12 2063 12 1983 12
2055 2218 14 1850 13 1981 13 1357 12 2020 12 1814 14 2043 12 1012 14
2057 1981 19
2059 1204 24 1204 12
2060 500 24 500 12 10 12
2061 26 26 26 12
2063 2054 34 2054 12
2064 1981 19 1981 12
2065 234 24 2017 12 1540 14 2250 12 1944 12 234 12 2195 12 2336 12 2556 12 2106 12 3080 12 3668 1 4232 12
2066 1668 25 1668 12
2068 2020 24 2020 12
2069 864 18 864 13
2071 1764 20 2041 12 493 12 2020 13 1859 16 1764 12 2140 12
2072 864 18 2007 12 864 12 2016 12 2100 12
2074 2070 34 1571 15 1797 12 2070 14
2080 1866 33 19 13 1866 13 2070 21
2081 1204 26 26 12 1204 16
2092 864 18 864 12 1500 12
2094 0 14 2098 12 132 12 0 14 550 12 2020 14 688 12 481 13 2087 14 2093 12 1814 12 2206 16 2207 12 2076 17
2096 2125 22 1144 14 1800 14 1756 13 2125 13 2065 13 1839 17 1718 19 4230 14
2098 2094 26 2097 14 2094 14 782 13 1685 14
2100 2118 25 2072 12 2108 13 2109 13 2118 12 2123 16
2101 1981 19 1981 12 2105 12
2102 1144 33 1144 12
2103 163 24 163 12
2104 1571 32 1571 12 1597 12
2105 2101 31
2106 1706 30 1706 12 2065 14
2108 2100 38
2109 2100 38 2100 13
2110 669 11 1293 12 132 12 2137 12 1998 12 2181 13 10 12 669 1 2150 12 2338 12 1521 12 18 10 98 21
2113 1875 24 1875 12
2114 2020 24 2020 12 163 12
2117 1293 21 2077 12 688 12 1902 13 2446 1 2126 12 2962 1 2587 12 1746 1 18 21 1981 1 2166 1 1293 12 41 12 2381 12 1706 21 4127 12 1341 1 5599 12 3145 12 5608 9 5532 1
2123 2100 41 2109 16
2126 864 19 1981 12 1293 12 2042 12 1276 12 2158 12 1521 12 1512 12 551 12 2076 13 2150 13 18 21 1786 13 2338 13 864 14 2117 12 2446 1 6 12 1571 15
2136 163 24 163 12
2137 2110 23 2110 12
2138 1998 20 1998 12
2140 1521 22 1800 13 1644 13 2071 12 3294 13 3518 14 460 14 4070 14 4073 12 3668 1 1341 1 4195 14
2142 26 26
2143 26 26
2144 2032 23 1911 12 26 12 1176 16 1585 12 18 15 2032 12 1966 16 2218 12
2145 1354 29 1354 13
2149 163 24 163 12
2150 1500 9
2152 896 25 896 12 1576 21
2155 2077 28 2077 12
2156 1981 20 1981 16 1804 13 2077 14 1853 14
2158 2126 31 2126 12
2159 10 25 10 12
2162 1176 25 1176 14
2172 1981 19 1981 12
2174 1797 37 1797 13
2175 2037 30 2037 12
2177 864 7 864 12
2180 1756 24 1756 12
2186 2181 30 2181 12
2188 1764 20 1764 12
2189 1176 24 1176 12
2190 1981 20 1981 13
2191 1512 13
2192 2032 23 2032 21
2193 2181 30 2181 12 1080 21
2194 1981 21 1981 14
2197 1483 22
2199 26 26
2200 26 26
2202 1981 19 1981 13
2203 1981 8 2077 12 1981 12 2241 12 551 12 321 12
2205 1981 19 1981 14
2206 2094 30 2094 16
2207 264 25 2094 12 264 12 2150 13 1369 12 2077 12 1973 13 2295 12 3307 12
2208 2125 21 1576 12 2079 12 2125 12
2209 1500 20 2077 12 1541 12 264 12 1500 12 1804 13
2210 1341 17 1522 12 2065 12 1341 1
2213 2125 18 2125 9 1344 9 1907 12 1987 9
2216 26 26 26 12
2217 2077 17 1354 12 2077 13
2220 1800 27 2196 12 1500 1 2065 13
2222 2125 21 2125 12
2223 1756 24 1756 12 2077 12
2226 1853 24 2077 12 1853 12 264 12
2230 1981 19 1981 14
2235 864 18
2237 2218 21 2218 13
2238 1887 32
2239 466 35 2150 12
2240 1970 21 2035 12
2241 2203 20 2203 12 396 13 2125 12 2369 12 2606 12 375 12 5314 14
2242 1804 32 1804 12
2244 1764 20 1764 13 2246 12 2020 12 2218 12 2375 12 1711 10
2245 1500 9 1975 12 2340 12 1876 12 2150 13 1853 12 2183 12 1500 1 2160 1 2349 12 1341 1
2246 2244 32 2244 12
2248 864 18 864 12 510 12 1830 12 782 12 1909 1 1876 14 2289 2 2150 12 2032 14 75 14
2250 2715 21 396 12 26 12 2277 12 2297 12 2339 12 206 12 2065 16 1902 12 1786 13 1485 12 2715 12
2256 2176 35 947 21 2176 12 2327 21 2264 21 3924 13 5193 16
2259 1571 33
2264 375 23 2327 21 2298 21 947 21 2801 12 4599 12 4428 12 1571 13 26 13 2032 12 2333 12 3198 9 1176 12 2256 21 375 12 4823 12 4917 12 5001 12 1995 12 4677 12 5168 12
2265 26 26
2268 2020 24 2020 12 1827 12 1997 12
2271 2070 33 2070 13
2272 1853 24 1853 12
2274 1853 24 1853 12
2275 2146 30 2146 13
2277 2250 33 2250 12 2150 12
2278 1893 32 1893 12
2280 1981 22
2281 264 25 264 12
2283 2592 23 2284 13 2020 16 2592 16
2284 69 20 2283 13 2279 14 69 16 1981 16 2247 12 2077 13 1764 12 1853 13 3036 15 3355 15 2432 12 1700 13
2286 1176 28 1176 18
2289 2248 20
2290 2042 19 2042 12
2291 26 26 26 13
2293 2125 22 1744 12 2320 21
2294 1981 8 1893 13 2845 15 1907 13
2295 1310 15 1163 13 2247 13 2207 12 1981 12 2166 12 1853 14 313 13 2371 12 1786 14 18 21 2150 16 2354 13 1756 12 3 12 1521 12 2465 10 2462 10 2464 10 1840 12 2956 12 2570 13 3841 12 121 12 4112 12 2257 12 2218 21 1310 1
2296 1853 25 1853 13
2298 2264 44 2264 21
2299 1981 19 2247 12 1981 12
2300 506 23 2077 12 2262 12 506 12 2087 12 1163 12 2076 12 2156 12
2301 2218 20 2077 13 2218 12
2304 2070 33 2070 12
2305 451 37 451 16
2308 1907 21 1907 12
2309 1981 19 1981 12
2312 1866 34 1866 14
2313 2218 9 2150 13 1907 16 2328 14 3141 13 2953 13
2314 1853 24 1853 12 2349 12 977 12 1580 14
2315 2160 22 2247 12 2150 13 2160 12 3659 12
2319 1764 20 264 15
2320 864 7 1624 16 2293 21 864 12 2125 16 2741 13 2999 13
2321 1907 21 1240 12 2329 12 2449 12 1907 12
2322 2070 33 2070 12
2323 2125 22 2125 13 2146 13
2324 2218 20 2218 12
2325 1971 36 1971 12
2326 1629 22 1629 13
2327 3924 38 2256 21 2264 21
2329 26 26 2321 12 26 12
2330 1764 20 1756 12 1764 12
2331 2160 22 2160 12
2333 2264 35 2264 12 2334 12
2334 2333 47
2335 1800 27 2405 12 1800 10
2336 1522 25 1522 12 2065 12 1800 16
2337 1800 31 1800 17 2065 16 3700 1
2339 2125 21 1176 13 2250 12 1866 12 2361 12 2125 12
2340 2245 21 2245 12 26 13
2343 2247 22 2247 12 26 12
2345 1764 20 1764 12
2349 2245 21 2314 12 2146 12 1902 12 2150 13 664 12 2269 12 2166 12 510 12 2472 12 2279 12 2347 13 1733 12 1969 12 2469 13 2247 12 2245 12 1540 12 1853 16 2587 12 5095 1
2350 313 27 313 12 1698 12
2355 1981 19 2357 12 2150 13 2347 12 2276 12 2247 12
2357 1629 21 1629 12 2355 12 2362 12 2150 13
2359 1764 22 1981 21 2748 12 483 1 1764 14
2361 230 21 2339 12 41 13 10 13 2376 12
2362 1945 30 2357 12 1945 12
2363 26 27
2364 2201 32
2365 1981 21 2385 12 1981 14 659 12 264 12 1764 14
2366 1907 21 1394 15 2625 14 1907 12
2371 1853 24 1853 12 2295 12
2372 2077 28 2077 12
2375 2244 32
2376 2361 33 2361 12
2378 26 26 26 12
2381 3958 20 26 14 3958 10 4219 13 2117 12 1998 12
2385 2020 22 2365 12 2295 12
2391 1981 19 1981 12 2362 12 2077 12
2398 26 26 2378 12 26 12
2399 2453 21 2020 12 2130 12 2453 12 313 12
2403 2020 24
2404 1344 21 1344 14 1981 16
2405 0 12
2406 2125 22 2125 13
2408 2077 28 2077 13
2409 594 26 594 12
2410 2354 30 2354 12
2411 1981 20 1981 15
2415 864 18 1981 13 864 12
2418 1176 28 1176 19 26 16 3 13 2635 12 4790 12
2422 2032 23
2429 26 26
2430 26 26
2433 2627 21 1859 13 1293 13 2459 14 1983 13 2468 15 1875 13 2247 12 2423 12 2483 13 2328 12 2150 12 864 12 2602 12 2494 10 2580 12 2625 12 2586 14 2743 12 2550 12 2591 12 2800 12 2794 12 1876 14 2313 14 2128 13 2236 12 2352 12 1848 12 2848 12 2592 21 2974 12 3086 12 2857 12 3095 12 2972 12 3160 12 2858 13 3179 13 3225 12 3291 12 3767 12 4949 12 4911 12
2437 1176 24
2439 1981 21 2128 12 1853 13 1981 18
2440 1981 19 1981 18
2441 355 32 355 13
2442 1981 22 216 12 3523 12 2450 12 313 12 2446 6 1981 13 1764 16
2445 1344 21 1344 12
2446 1981 8
2447 165 19
2448 1410 32 1410 12
2449 170 31 170 12 2321 13 2488 6 2498 13
2450 3204 23 2442 12 3204 12
2452 2218 20 2218 12
2453 2218 9 2399 12 2462 16 2464 13 2465 12
2454 26 26
2456 1764 20 1764 12
2457 26 26 26 12
2459 1907 21
2460 1853 24 1853 12 10 21 2116 14
2461 1853 25 1853 12
2462 1321 10 2453 14
2463 2423 35 2423 12
2464 1764 9 2453 14 1764 1 2470 16 2487 15 2489 12 2490 15 2491 20 2492 18 2493 16
2465 2453 21 2453 1
2466 1764 20 1853 12 1764 12
2468 2070 35 2070 14 2020 12 2433 12
2469 1853 24 26 12 2349 13 1853 12 1794 12
2470 2218 18
2474 26 27 26 16
2475 26 26
2476 26 26
2478 26 15
2481 6 31
2482 1981 19 1981 12
2483 669 22 2433 12 506 12 2511 12 669 14 2503 12 2510 12 2654 12
2494 2433 31 2204 12 2433 12
2496 1764 9
2497 1764 9 2512 17 2513 21
2498 2247 22 2247 12 2496 1 1541 12
2503 2020 24 2020 12 2486 12 2483 12
2504 10 25 10 12
2505 1981 20 26 12 594 12 1629 12 2707 12 2790 12 2580 12 1981 13 1907 13
2506 2020 24 2020 12
2509 2247 22 506 13 2247 12 26 12
2510 98 21 2483 13
2512 1764 9 2514 20 2516 13 2515 12 2517 12 2518 12 2519 12 2520 13
2513 1764 9 2512 19 2514 20
2514 1764 9 2513 20 2515 18 2573 12 2574 14 2576 12 2578 13 2577 12
2515 1764 9 2514 20 2512 12 2516 16 2517 13
2516 1764 9 2515 16 2512 13
2517 1764 9 2512 12
2518 1764 9 2512 12
2520 1764 9 2512 13 2020 4 2638 12 2639 14 2645 13 2646 16 2644 21
2526 1647 25 1902 14 1689 12 1310 14
2528 1987 24 1987 12 2917 14 820 12
2530 1764 9 2486 14 506 12 2020 12 2546 14 2549 12 2566 14 2567 20 2568 19
2532 506 23 506 12 26 12
2533 1981 19 2247 12 1764 12
2536 1832 42 1832 12
2537 1764 9 2077 13 2486 12 2542 12 2020 7 2543 12 2520 21
2540 26 26
2541 26 26
2542 1764 9 2537 12 2020 10
2543 1764 9 2020 6 2537 13
2544 1902 30 2023 12 1902 12
2546 1764 9 2530 18 2547 14 2548 16
2547 1764 9
2548 1764 9 2530 19 2547 15 2546 21
2549 2020 20
2550 1764 20 1786 13 2551 12 2065 12 1764 12 2672 15
2551 2020 13 1786 12 2550 12
2553 1640 36 1640 12
2554 1981 19 26 12 1981 12 2247 13
2556 2065 36 2065 13
2558 26 26
2559 26 26 26 12 2725 12 1310 12 1172 12 5359 12
2560 10 25 10 12
2561 26 26 26 21
2563 10 29 20 13
2564 1321 10
2565 1685 26 1685 14
2566 1764 9
2567 1764 9 2566 15 2568 20
2568 1764 9 2567 15 2566 13
2572 506 23 506 12
2573 1764 9 1764 21 1500 21 2520 21 2517 21 2496 21
2576 1764 9 1764 1 2579 21 2520 21 2610 21 2516 21 2517 21
2578 2020 13
2579 2020 13
2581 2580 11 2584 10 2585 8 2592 12 2125 13 1981 15 2604 12 1354 12 2756 13
2583 1764 20 1764 12
2584 2020 13 323 12 1764 12
2586 2433 35 2433 13
2588 2587 28 2587 16
2589 1981 19 2247 13 1718 21 3944 14
2592 1907 10 884 1 2125 12 2678 12 542 12 1231 12 1981 13 1813 12 2557 13 2717 13 2724 12 2725 12 26 12 2726 12 2731 12 2735 13 2727 15 2674 15 2771 12 2283 13 2817 12 2433 21 2669 12 2580 21 2940 12 3058 21 3098 12 2858 12 3017 12 2981 15 3221 12 1907 21 3254 12 2809 13 3138 13 3345 12 3097 12 3019 14 3322 14 3565 12 3668 1 2902 1 1970 1 3680 1 3681 1 3683 1 3684 1 3767 14 3791 14 4061 13 4426 13 2710 15 2953 21 4689 12 3825 16 4092 21 4814 12 2328 12 4919 12 5121 1 3823 13
2593 2020 20 2535 12
2594 1981 19 1981 12
2595 1764 20 1764 12
2596 1981 20 1764 14 1981 14
2597 26 26
2599 26 26
2600 3062 25 1805 14
2601 1764 9 1803 14 2610 13 2613 12 2614 19 2616 20 2618 15 2622 13
2603 2602 32 2602 21
2606 2241 32 2241 12 2599 12
2607 202 22 202 12
2609 2472 32 1571 16 1902 19
2610 1764 9 2601 13
2611 2077 28 2077 14
2613 1764 9 2601 13 2614 17
2614 1764 9 2613 21 2601 19 1500 1 2615 20 2616 20 2578 20 2617 17
2615 1764 9 2614 16
2616 1764 9 2020 20 2576 21 2574 21 2577 21 2573 21 2643 14
2617 2020 13
2618 1344 10 2619 14 2621 14 2620 12 2643 14 2616 21
2619 2635 21 2618 12 2578 20
2620 1344 10 2618 14 2633 12 2681 12 2688 15
2621 2635 21 2618 14 2620 16 2619 13 2633 14
2622 1344 10 2020 7 2615 21 2616 20 2618 14
2625 2819 28 2366 14 2433 13
2630 1981 19 2486 12 1873 12 2714 20
2633 2635 21
2634 2338 10 1853 12
2635 1764 20 2619 1 2633 1 2621 1 2618 1 2620 1 2622 1 2576 1 2610 1 2613 1 2614 1 2615 1 2573 1 2520 1 2517 1 2616 1 2574 1 2514 1 2491 1 2490 1 2492 1 2489 1 2493 1 2601 1 2568 1 2470 1 2638 1 2639 1 2643 1 2644 1 2645 1 2646 1 2647 1 2648 1 2649 1 2650 1 2651 1 2652 1 2653 1 2876 12 26 12 2418 12
2636 1764 22 1764 15 1580 13 977 18
2638 1764 9 2641 12 2642 12
2639 2635 21 2638 15
2640 1853 24 1853 12
2641 1764 9
2642 1764 9
2643 1764 9 2618 21
2644 1321 10 2646 14 2645 16 2647 16 2664 12 2665 12
2645 1764 9 2646 16 2644 16
2646 864 7 2645 12 2644 16 2696 15
2647 1764 9 2648 15
2648 1764 9 2649 12
2649 1764 9 2648 14
2650 1344 10
2651 1344 10
2652 1344 10
2653 1344 10
2656 1344 10 2661 14 2679 15
2659 26 26 26 12
2661 1344 10 2656 14 2662 12 2696 15
2662 1764 9 2656 12
2663 1981 19 1981 12
2664 1344 10 2520 21 2665 21 2644 21
2665 1344 10
2666 1344 10
2668 864 18 2150 12 864 12 163 13 2790 12
2670 1981 19 26 21 1981 12 2730 1 2746 12 163 14 1764 12 1853 12
2671 1981 19 1981 13
2678 2592 22
2679 2302 20 2680 13
2680 2302 20 2679 13
2681 1344 10 2682 13
2682 1344 10 2681 13 2620 21 2685 12
2686 1568 23 2347 12 1786 12 30 12 1568 12
2687 321 20
2688 2302 20 2689 14
2689 2302 20 2690 13 2693 14
2690 2302 20 2691 12 2693 14
2691 1764 9 2690 13
2692 1571 32 1571 12
2693 2302 20
2695 1764 21 1764 14 2821 12 1981 16
2696 2302 20
2701 1764 14 1764 12 977 12 2708 12 2709 12
2703 1764 21 1764 13
2704 2302 31
2708 2701 26 2701 12
2709 2302 20 2701 12
2712 26 26 2790 12
2714 2630 39 2630 20
2715 2218 9 2250 12 26 12
2716 26 26
2721 1981 8 41 13 2736 13 2660 12 1981 13 2128 12 1764 12 2752 12 2758 13
2725 2592 22 2592 12 2733 12 2266 12 2748 12 2559 12 2766 12
2726 2592 22 2592 12
2728 26 27 26 13
2730 2218 16 1981 13
2731 2592 22 2592 21 529 1 2587 21
2733 2725 34 2725 12
2734 26 26 26 12
2735 2592 23 2592 16
2736 2721 21 2721 13
2737 2247 23 2247 13
2739 1981 21 1981 17
2740 26 26 26 12
2741 2320 20 2320 13
2742 2727 23 2723 12 2727 14
2743 2707 32 2433 12 2707 12
2746 864 18 26 12 2670 12 864 12 2247 12 1230 12 1853 12
2747 1981 19 1981 12 2768 12
2748 2669 22 2545 12 2725 12 2755 12 2781 12 2359 12 2864 12 2669 14 30 12 2980 12 2587 13 3659 12 5382 6
2750 2545 30 2545 12 1893 12
2751 1907 23 1907 14 2811 12 2815 13 264 13
2752 1981 19 2721 1 2790 12 1981 12 2587 12
2755 2669 22 190 12 2748 12 41 16 2772 12 18 12 2807 12 1981 21 2669 14
2758 2218 9
2766 1230 16 2725 21 56 10 2813 12 2817 12
2768 3062 25 2747 12 2580 19 3019 19 2953 19 2369 19
2770 1907 21 1907 12
2772 1981 19 26 12 2755 12 1981 12 1176 16
2774 1981 20 1981 13
2775 1907 21 1907 12
2779 1013 48 1013 12
2787 69 21 2792 13 69 13 2806 12 18 10 2570 12
2788 1981 22 1981 14
2792 2787 34 2787 16
2794 2433 33 2793 12 2433 12 2953 14
2795 1907 21 1907 12
2799 1907 21 1907 12 2904 16 3031 12
2800 1907 22 2433 14 1907 12
2802 1907 21 1907 12
2805 2218 9
2806 2787 33
2807 2587 24 2755 12 2587 12
2808 2632 17 2632 21 1764 12
2811 2751 35 2751 12
2813 2766 28 2766 12
2814 2587 24 2587 12
2815 1907 22 1907 12 2751 12
2818 1981 19 1981 12 1764 14 2587 13 2570 13 2003 12 2077 12
2821 1981 8 195 10 1981 2 2632 1
2826 1981 20 1629 21 1981 21
2830 452 20 452 12 2881 12
2835 2632 21 2247 12
2841 26 28 26 13
2844 2845 36 2845 16
2845 69 20 2294 15 1764 12 69 12 3253 12 3280 12 3329 12 2844 16 3056 14 3783 21 1887 21 3820 18
2847 1907 21 1907 12 2953 21
2848 3128 23 2723 16 2868 1 2433 12 1176 13 4465 12 2511 12
2849 1907 24 1907 15
2854 1907 21 1907 12
2855 1907 23 2953 12 1907 14
2856 1907 22 1907 12
2857 1907 21 2852 12 2580 12 2433 12 1907 12 3191 12
2858 2580 22 2580 12 2433 12 2592 12
2859 1981 19
2860 2790 29 2790 12 1907 21 2882 12
2862 1293 21 1293 12
2863 2819 28
2864 2861 24 2861 14
2865 1981 20 1541 12 1981 13
2866 1764 20 1764 12
2867 1981 19 1981 12 1764 12
2868 2587 13
2869 26 26
2871 1764 18 1764 12 2919 12 2338 12 1981 12
2872 1907 21 1907 12
2881 1718 32 2830 12 1718 12
2882 2884 22 2266 12 2884 12 18 21 1700 12 2937 12 2938 12 2214 12 2940 12
2886 2839 19 2247 13 2669 12 2062 13 1764 14 2587 12 2387 12 2839 13 2570 12 1981 14
2888 2839 19 2839 12
2889 26 26
2891 1907 22 1907 16
2892 1764 20 2948 12 1764 13 2338 12 2884 12
2896 864 18 864 12 2803 12
2899 1907 21 1907 12
2900 2890 30 2890 12
2902 1998 9 2677 12 2446 10 10 12 2723 12 2669 12 2602 12 98 12 2320 13 3668 21
2903 1998 18 2707 12 2900 12 2669 12 1853 13 2587 12 26 12 1907 12 190 16 2077 14
2913 1354 17 1354 12
2914 1907 21 1907 12
2915 26 26 26 12 2707 12
2917 2528 38 2528 14
2919 2669 23 2669 14 2266 12 2871 12 2931 13 2587 12
2921 26 27 26 13
2923 26 26
2924 26 26
2926 1870 31
2928 26 26
2929 1907 21 1907 12
2930 1321 10 1853 12 2962 19
2931 1981 19 2587 16 2919 13 1981 13
2932 2587 24 2587 12
2933 1354 27 1354 12
2934 2655 22
2935 1907 21 1907 12
2936 1541 25 1541 12 3 12
2937 2882 34 2882 12
2940 1981 19 2882 12 2592 12 2778 12 2669 12 1981 12 26 12
2945 1176 24 1176 12
2947 1907 23 1907 12
2954 1354 16 1354 12 2204 12
2956 26 26 2295 12
2960 98 10
2961 83 32 83 12
2962 2839 8
2964 1998 20 2405 12 1966 13 1310 12 1756 12 3264 6 2377 12 2803 13 14 12 1998 12
2966 500 24 500 12 1907 12
2973 1907 21 1907 14
2975 26 26 26 12 2294 1
2977 1907 23 1907 13 3282 12
2979 1981 19 1981 12 3011 12 18 21 2803 13 3022 12 3523 13 3162 12 3932 12
2980 2748 34 2748 12
2982 2587 24
2983 1764 22
2984 1981 19 6 12 1981 12 2778 13 2587 14
2985 26 26
2986 2718 33
2987 26 27 26 14
2989 2669 20 2669 12
2990 2587 27 2153 12 2587 21
2991 1571 32
2993 3062 25 1571 12 2998 12
2995 1981 9 1853 13 3536 14 2587 15 2446 16
2999 2320 20
3000 26 26 2718 12 26 12
3001 2718 33
3002 1907 21 1907 14
3003 1907 21 1907 12
3005 1907 22 1907 14 2580 12
3006 1853 24
3007 1907 22 1907 13
3008 1907 21 1907 12
3009 2839 19 2279 12 2839 12 1764 12
3011 2587 24 2979 12 2587 12
3012 1907 22 1907 13
3013 2587 24 2587 13
3017 1907 21 1907 12 2592 20
3021 1907 21 1907 12
3022 2979 31 2979 12
3024 1907 22 1907 14
3027 1907 21 1907 14
3028 26 26
3031 2799 33 2799 12
3033 1907 22
3036 3995 25 2971 1 2284 1 3658 15 1981 1 3995 1
3042 2218 9
3044 2587 24 2587 12 3032 12
3045 2587 24 2587 12
3046 2839 19 26 14 2718 12 1870 12 1981 15 2077 14 3257 13 3277 12 1293 12 3276 13 2839 12 3294 12 1756 12 3668 1 3659 12 2570 16 2587 17
3051 26 26
3054 2587 25 2587 13
3056 1853 24 1853 12 2845 14
3057 26 26 26 12
3058 2592 31 2592 21
3061 26 26 26 12
3066 3062 25
3067 3062 25
3068 3062 25 3062 12
3070 2587 25 26 12 2587 13
3071 2587 24 2587 12
3072 1853 24 1853 12
3074 2587 25 2587 12
3080 2065 36 2065 12
3081 2669 20 2669 12 3084 12 3032 12
3082 216 33
3083 2587 25 2587 12
3084 3081 32 3081 12
3086 2433 33
3087 26 26 26 12 1571 12 3349 12
3088 26 26
3089 1697 44 1697 16
3090 1756 24 1756 12
3091 2778 20
3092 45 20 3669 12 3317 12 2587 16 1293 12 45 12
3094 2338 21
3095 26 26
3096 977 32 977 12
3102 26 27
3108 26 26
3116 1907 22 1907 13 4092 12
3122 3062 25 2196 12
3123 1907 21 1907 12
3124 2218 9 3155 12 1853 12 3190 12 3245 14
3126 1998 18 3128 12 1945 12 2605 13 1981 13 1485 13 3198 12 2247 12 3204 12 3294 13 2587 13 506 12 3307 12 1354 12 1521 13
3129 1981 20 2707 21 977 21
3130 26 26 26 12 3132 12
3131 26 26
3132 3130 38
3142 26 26 26 12 3317 12 4000 19
3143 26 26
3145 2587 24 26 12 2587 12 2117 21 3150 20
3147 1764 20 1764 13
3148 1764 20 1764 12 3838 12 4705 12
3155 3124 21
3156 2587 27 2778 12 1786 12 977 12 2587 15
3157 523 24 523 14 2045 1
3159 26 26
3163 3128 21 3128 12
3164 3621 11 3165 12 3154 13 1764 13 1870 12 1576 13 3170 12 3128 12 18 12 3052 12 977 13 3234 12 2276 12 3167 16
3165 3164 23 3164 13
3166 1354 28
3167 3164 27 3052 21 3247 16 2587 16 26 17 3168 12 18 1 3164 16
3169 3154 34 3154 14
3171 977 32 977 12
3172 2587 25 3170 12 2587 12
3176 977 32 977 12
3177 3204 22 3154 21 3128 12 3204 12 2587 12
3178 2587 27 2587 15
3179 2433 34 2433 13 2953 12
3184 2247 22 2247 12
3190 2218 9 3204 12 3218 12
3193 505 24 1310 13 505 14
3194 3170 34 3170 16
3196 1981 19 2338 12 1981 12
3197 26 26
3198 3126 30 3126 13 2264 6
3199 2839 20 2839 13 2570 12 3929 12 4115 12
3200 26 26 3170 13 26 12 3204 12
3204 1321 10 3190 12 1293 12 2450 13 3177 12 1485 12 3126 13 2587 13 2840 6 2605 1 2338 1 2247 1 1360 1 1321 1
3206 1981 19 1981 12 4568 12
3210 375 23 375 12
3212 2070 40 2070 19
3214 2273 22 4423 12 2273 12
3215 26 26
3218 1981 8 3190 12 3264 21 3306 12
3219 2338 21
3220 1981 19 1981 12
3221 2592 22 2592 12
3223 1981 20 2587 12 977 13 1981 15
3224 1293 10
3225 2433 33
3230 3257 21 2062 12
3232 2023 35 2023 12
3234 3164 23 3164 12
3239 3150 31 3150 19
3240 234 27 2077 13 234 12 3150 14 190 13
3242 1981 19 1981 14 2247 18
3244 2185 36 2185 12 3259 13
3246 1998 20 1998 12 2338 12
3247 2247 22 30 12 2587 12 190 12 3260 13 2247 13 3227 12 2511 12 3167 14 26 16 1354 12
3253 2845 32 2845 12
3255 26 26
3256 26 26
3257 2669 20 2669 12 3262 12 3230 1 2269 12 1794 13 3046 13 1521 12 2338 12 2218 13
3260 3593 25 3247 13 3593 12
3262 3257 32 3257 12
3264 1981 8 1981 12 3306 12
3265 26 26 26 12
3267 1981 19 1981 12 2587 15
3269 977 32 190 12 977 12
3270 1571 32 1571 12
3271 441 14 3289 12
3276 2077 28 3046 13 2077 12
3277 2077 28 3276 12 3046 12 2077 12 3319 12
3278 1981 19 2587 12 1981 12
3280 2845 32 2845 12
3283 2218 20 2077 13
3284 1764 20 977 17 1764 12
3288 1697 37 1697 13
3289 3271 26 3248 12 3271 12 3299 1 3300 1
3290 26 26
3291 26 26 2433 12 3019 19
3292 26 26
3293 2077 28 2077 13
3296 2587 25 2587 12
3297 2196 33 2196 12
3298 4092 22 2587 13 4092 12
3300 3289 27
3301 1293 10
3303 2602 34
3304 1293 10
3306 1981 8 2218 1 1981 1 3294 1 2338 1
3307 1764 20 1764 12 3126 12
3308 4092 11 2587 13 3389 12 3662 13 585 13 4206 12
3310 2587 24 2587 12
3312 4444 22
3315 2587 24 2587 12
3318 1981 19 1981 13
3319 163 24 2077 12 163 12 2347 12 3277 12 2587 12
3321 26 26
3323 2587 27 2587 19
3324 506 23 506 12 3330 9
3325 1321 21 3569 12 2062 12 1321 21 3938 12 1 16 453 16 1624 13 1057 21 10 16
3326 1571 33
3327 1293 10
3328 1907 21 1907 16
3329 2845 32 2845 12
3330 3324 32
3333 977 35 190 12 977 14
3334 26 26 26 12
3336 1907 10
3337 1998 20 1998 12
3338 1902 30 1902 12
3339 1981 19 1981 14 26 12 2587 12
3341 2247 22 3662 21 4150 14 26 12
3342 2587 27 2587 15
3345 2592 22 2592 12
3346 2587 25 2587 13
3347 3093 33 3093 12
3349 1907 21 3087 12 1907 12 3445 12 5131 12 5245 12
3350 3335 31 3335 12
3351 26 26
3352 26 30 4423 12
3353 26 26
3355 2284 35
3359 2218 14
3360 2587 24 2587 12 2077 16
3367 1981 19 1981 12
3369 30 25 2128 12
3370 2587 24 2587 12
3373 26 26
3374 26 26
3377 2605 23 27 16 1576 12 2605 12 3658 12
3380 1981 19 10 12 1981 12 26 12 1293 12 1585 12
3382 3378 22 3379 12 3378 12 2587 13
3384 26 26
3385 2587 24 26 12 2587 12
3388 1981 19 1981 13 2587 13 3295 12 3327 12 2077 13 3500 14
3389 2587 13 3308 12 2587 12 2511 12 30 12
3393 3294 21 3294 13
3395 2077 28 2077 13
3397 3294 22 3294 12
3398 3294 10 3294 12
3399 1277 9
3405 763 23 2587 13 26 14
3406 26 26
3407 3294 23 2605 13 1804 14 3466 16 3294 14 1705 14
3408 1354 29 1354 14
3409 10 25 3410 21
3410 3409 46 3409 21
3418 1354 28 1354 13 2446 1 2140 13
3420 1981 19 1981 13 26 13
3422 2247 23 2247 13
3423 2839 19 2839 12
3424 2839 8 2545 12 2839 16 3478 16 3479 16 3480 21 3477 19 3481 16 3482 16 3483 16
3425 2545 30 2545 12
3430 2839 19 3446 16 2839 13 3721 9 3590 16 26 21 4135 10 3759 21 5070 21 1907 1
3431 2839 19 2839 13
3433 26 26 26 12
3446 2570 31 3430 16 977 12 2570 12
3450 3294 21 3294 12 3590 12
3459 4092 22 3473 13 313 13 2587 12
3460 4092 22 2587 14 4092 12
3465 406 34 3297 14 406 17 3552 17
3466 2338 22 2338 13 3407 16
3467 3040 32 3040 12
3473 2744 23 2587 12 3459 12
3476 3062 25 2017 16
3477 2338 10
3478 2218 9 3477 21
3479 2218 9 3477 21
3480 2218 9
3481 2218 9 3477 19 3487 16 3488 21 3489 21 3490 21 3491 19
3482 2218 9 3477 12
3483 2218 9 3477 19
3484 2839 20
3485 2338 10
3487 2338 10 3477 19
3488 2218 9 3487 21 3477 21
3489 2218 9 3477 19
3490 2218 9 3477 19 3492 19 3494 19 3495 16
3491 2218 9 3477 19
3492 2338 10 3477 21
3493 2587 26 977 14 2077 14 2587 14
3494 2218 9 3477 21
3495 2218 9 3477 19
3498 3958 19 2587 12 3502 12 3958 12
3500 3388 33 3388 15
3502 26 27 3498 12 26 14
3504 1907 21 1907 12
3505 3503 24 3503 12 3837 12
3510 3294 21 2587 14 3294 14
3512 26 26
3516 2587 28 3515 12 2587 21
3518 27 26 2218 12 2017 14 505 13 2140 15 27 12 1248 13 4006 12 1902 17 4340 12 4343 12
3519 26 26 26 12
3524 2718 33 2718 12
3526 1981 20 1981 14
3527 2196 33 2196 12
3530 1465 24 2587 15 1465 14
3531 26 26
3532 1447 33 1447 12
3533 2587 25 2587 14
3537 2587 27 2587 15
3538 2587 26 2587 17
3539 26 26
3540 2839 19 26 21 2839 21
3547 523 25 523 13
3548 2587 25 3496 14 2077 14 2587 13
3549 1629 21 2587 12 3378 12 2570 12 1945 12 10 12 1629 12 3622 12 272 12
3551 2247 22 3496 12 2247 12
3552 3465 51 3465 17
3553 3662 20 2587 12 3662 13 10 13 98 13
3556 26 26 26 12
3557 3062 25 160 14
3558 26 26
3559 26 26
3560 26 26 26 12
3561 98 21
3562 2077 28
3568 2338 23
3569 3566 25 3566 12 3325 13
3571 2587 24 2587 14
3574 2587 26 977 12 2587 14
3580 2839 17 3150 17 1585 12 3662 12 2354 12 1629 12 3726 14 2839 1 3788 1 3266 13 3659 13 1742 12 3981 12 3168 13 1921 12 2570 12 3643 12 3525 16 234 13 3555 15 3470 12 176 13 5411 12
3586 2587 24 2587 14
3588 2587 27 2570 14 2587 15
3589 -1 -1 2077 12 3355 12 1764 12 1521 12 855 21 3596 10
3590 3378 22 2958 12 26 12 1394 12 3450 12 3655 12 3682 12 3645 13 3378 12 3727 12 3430 16
3592 3378 22 2587 12 3378 12
3595 977 32 190 12
3596 -1 -1 3589 1
3597 977 32 977 13
3598 3577 32 3577 12
3599 2587 25 2587 18
3600 2247 22 2247 12
3601 2587 24 2587 14 26 13
3602 3378 22 3378 21
3607 1877 27 2077 12 1877 12
3612 2587 25 2587 14
3614 26 26
3615 26 26
3616 26 26
3617 26 26
3622 3549 33
3624 3150 32 3150 13
3625 3150 32 3150 13
3626 2587 24 2587 12
3629 3593 25 3593 12
3630 2247 22 2247 12
3634 977 32 977 12
3637 3378 22 3154 13 977 12 3378 12 3150 12 190 13
3641 26 26 26 12
3642 26 26 26 12 4989 1 4972 12
3644 26 26 3573 12
3645 3590 35 3590 12
3649 864 18 2587 14 3154 14 506 12 4826 21 4206 12 4545 12 4982 12 4230 13 4092 14 3372 12 864 13 5189 12 5202 12 3751 12
3652 2338 21
3653 2247 22 2247 12
3654 163 24 163 12 3496 12
3655 3590 34 3590 12 3656 12
3656 3655 46 3655 21
3657 2699 32 2699 13
3658 2605 26 1930 14 2605 15 1902 14 1248 12 2214 14 3036 13
3661 396 37 396 12
3662 864 7 3659 13 2435 13 3553 13 3593 13 2062 12 3308 13 3726 13 2570 13 3691 13 2958 13 3580 13 1568 13 2587 13 726 13 3751 13 646 14 3795 12 3368 13 3776 13
3664 26 26 26 12 1585 13
3665 26 26
3666 26 26 26 12
3669 3092 32 3092 13
3670 4545 22 3780 12 2570 13 3848 12 3360 13 4330 12 4418 13 4717 12 4608 1 4684 12 4764 13 18 21 4936 12 4545 14 2354 16 5272 12 2938 12 4473 18 3555 12 5309 15 977 13
3671 3584 32 3584 12
3674 506 23 506 12 1568 12 26 13 4371 12 1902 12 3055 12 4396 13 4115 12 505 12 4917 12 4135 13 4953 12 859 13 2511 14 5025 9
3676 3593 25 3593 16
3677 3663 38
3679 3593 25 3593 16
3682 26 26 3590 12
3685 2020 24
3686 -1 -1 3687 12
3687 -1 -1 3686 12
3691 2247 11 3573 12 3659 12 26 12 3662 13 3755 12 565 12 2587 12 3955 12 4092 12 2884 12 506 12 4409 12
3694 3643 22 3643 12
3695 2077 28 2077 13
3702 2587 25 2587 14
3703 1813 33 1813 16
3708 139 26 13 12 139 12
3721 1277 9 3659 12 2587 14 691 14 1853 12 2218 1
3722 3150 31 3150 13 3648 12 3925 12 1053 1
3725 1512 24 139 12 1512 12 646 12 2587 12 3204 1
3726 3662 20 3662 13 3580 15
3729 26 26 26 12
3732 1512 24 2587 12 1512 12 26 12
3736 1277 21 2587 12 3668 1 4162 16 1277 13 4306 13 4230 14
3739 2354 31 2739 8 2354 19
3747 4545 20 3579 12 3659 12 216 12 4545 12 2587 16 506 12 5012 14
3754 2839 20 2839 13 5124 1
3761 26 26
3764 3659 32 3659 13
3767 2592 24 2433 12 3769 12 2592 13
3768 2839 19 3416 12 2587 12 2839 12 3911 12 3913 14
3770 2587 24 2587 12
3777 646 33 646 12
3780 3670 34 3670 12
3782 2587 24 26 12 2587 12
3783 1887 34 2845 21 1887 21
3784 2587 25 2587 13 26 13
3786 3631 22 3154 12 3826 12 3850 12 3751 13 3523 13 4230 13 5634 12
3788 3580 18
3789 3659 32 3659 12
3790 3659 32 3659 15
3792 1461 42
3796 646 33 646 12
3807 3062 25 3685 12 3659 12 3940 12
3812 26 27 26 14
3813 2587 24 2587 14
3830 26 26
3833 -1 -1 3834 14
3839 2587 25 2587 12 3929 21
3842 26 17 26 12
3843 1706 31
3845 1293 21 3738 13 4083 12 10 13 3659 13 3477 10 4087 15 4115 12 4367 13
3849 2587 24 2587 13 4054 12
3851 2247 22 2247 12
3852 3062 25
3854 3062 25
3856 3062 25
3857 3062 25 4040 12 1930 13 2146 13 4048 12 4378 12 3062 16 3191 17 4379 12 4313 12 4380 12 3448 12 4382 12 4383 12 4384 12 3285 12 4385 12 4094 12 4386 12 4387 12 3802 12 4388 12 4389 12 4390 12 4391 12 4381 13 4419 12 4420 12 2893 12 4441 12
3863 3062 25
3864 3062 25
3870 3062 25
3871 3062 25
3874 3062 25
3876 3062 25
3877 3062 25
3880 3062 25
3890 3062 25 3062 13
3891 3062 25
3895 3593 25 3593 21
3905 3904 37 3904 13
3906 3648 33 3648 13
3907 3623 23 3623 12
3909 3523 32 3523 21
3913 26 26 3768 14
3914 1998 20 3523 13 1998 13
3917 3062 25 2916 12 3659 12
3918 3584 39 321 21
3919 3523 31
3920 2587 26 2587 16
3923 3809 37 3902 12 3809 12
3925 3722 43 3902 12 3722 12
3927 2587 24 2587 14 3929 13 3648 13
3928 3593 25 3593 12
3929 3199 32 3930 12 3927 13 3839 13
3930 3814 20 3929 12 3902 12 3814 12
3933 3566 25
3934 2587 24 2587 12
3937 3800 30 3800 12 3955 12
3938 26 28 3912 12 3325 12 3523 16 26 16
3940 3807 37 3807 12
3944 2589 33 3093 12 3964 12 2589 12 4011 12
3952 3910 24 3910 13 26 12 3523 12 3639 16
3955 3691 23 3937 12 3426 12 3963 12 3691 12
3960 514 39 514 12
3963 3955 35 3955 13
3966 3523 31
3967 2587 24 3659 21 2587 21
3968 2587 24 2587 12 3838 12
3969 26 26 26 12 977 12
3971 3659 32 3659 16
3972 4092 22 3659 21 4092 12
3973 2062 30 3659 16 2062 15
3974 3659 32 3659 21
3979 3659 32 3659 19
3981 3580 29 3580 12
3982 3659 32 3659 12
3983 26 26
3984 26 26 1254 12
3988 3062 25
3989 3062 25
3990 3062 25
3991 3062 25
3992 3062 25
3993 3062 25
3994 3062 25 4024 12 3870 12 3439 12
3997 977 32 977 12
3998 2587 24 2587 12 3523 12 4020 1 3659 15 3573 12 190 12
3999 26 26 26 12
4000 26 26 26 12
4001 3980 33
4002 3573 31 3573 12
4003 3523 31
4005 2938 30 2938 12
4006 482 25 482 12 3518 12 4077 12 3294 10
4011 3944 45 3944 12
4012 3910 24 3751 12 3910 13
4015 1204 26 1204 14
4016 163 24 163 12
4019 1907 21 1907 12
4020 3998 25
4024 3994 37
4041 3659 32 3659 21
4043 2196 33 2196 12
4047 26 26 26 12
4054 3659 32 3659 16 3849 16
4055 2587 24 4102 1
4057 3751 32 3751 12 3838 13
4060 4092 22 2077 14 4092 12
4061 2592 23 2592 20
4062 2587 25 2587 13
4068 3910 24 3910 12
4070 2140 36 2140 21
4073 2140 34 2140 12
4074 3705 33 3705 13
4080 3573 32
4085 2587 24 2587 13
4087 3659 32 3659 12 3845 14
4102 4055 25
4107 3150 34 3150 16
4110 1176 25 1176 13
4111 2839 19 2839 12
4112 864 18 2295 12
4117 3659 32 3659 12
4118 3910 24 3910 12
4128 26 26 3659 12 4083 12 26 12 2062 12
4129 3958 20
4135 3958 19 4154 17 4115 16 3743 16 3659 16 3378 16 4153 16 4167 12 3958 12 26 12 1293 12 4409 12 2545 12 2884 12 4373 13 3898 21 4192 14 3819 12 3674 14 5358 10 3430 10
4137 2884 22 3659 21 26 12 2884 12
4138 3659 32 3659 12
4141 1706 31
4145 1764 20 4115 12 977 16 3838 12 1764 12
4147 3472 35 3472 12 4146 12
4148 3643 23 3525 12 3643 12 4217 12 4115 14 3250 14 26 12 3838 12 4129 12 4152 12
4149 1995 40 1995 14
4150 3503 23 3414 12 4316 15 3341 15 3503 12 4115 12
4151 3414 40 3414 12
4152 3958 20 3958 13 4130 12 3523 13 4129 12 977 13 4092 12 3623 17 4115 14 4148 12
4154 2884 22 4135 21 2884 14
4156 3910 24 3910 12
4161 1764 20 3525 12 1764 12 1293 12 16 6 4176 15 240 13 3643 12 4316 14 3093 12 5273 1 5341 12 4960 12 4152 6
4162 1764 20 1764 16 3736 20
4163 977 32 190 12
4164 2077 28 190 13 2077 12 977 16
4165 977 36 977 16
4167 4135 31 4135 12
4168 4092 17 4316 12
4172 3898 32 3898 12
4173 3659 32 3659 15
4174 2119 39 2119 21
4175 3623 24 3751 13 3623 13 3759 12 2545 12
4176 4161 35 4161 15
4178 4115 31 4115 12
4185 3372 20 3838 12 2119 12 1568 12 3372 1 4230 1
4186 3643 22 3643 12 4092 16
4190 98 10
4191 3759 32 3838 12 3759 12
4192 4135 33 4169 12 4135 14 4597 1
4208 3623 23 3623 12
4213 2338 21
4217 1585 31 1585 12 4148 12 3743 12 2140 12
4223 3062 25 3062 21 4699 1 4703 1 4528 16 4230 16
4227 4115 31 4115 12
4230 1277 20 4306 17 4321 13 3372 14 4317 13 4185 10 18 12 4699 12 3062 15 1144 16 2254 12 4374 14 4697 14 4883 12 760 12 1839 14 3649 12 2119 17 5032 12 1113 16 4982 13 2182 14 5128 14 5125 13 5188 12 5198 12 4140 13 4690 16 5454 13 3786 13 2096 13 66 16 1277 12 993 14 4528 16 4223 16 5592 14 3736 14 4249 14
4236 4144 37 4144 12
4238 1907 21 1907 12
4239 1594 30
4246 864 18 1057 15 4051 12 864 12 1786 12 3470 12 3705 16 4597 12 4640 12 4641 12 3391 13 4092 13
4249 1624 31 2196 12 1624 12 4230 14
4250 864 18 3743 14 2587 13 864 12
4252 3062 25
4254 3062 25
4255 3062 25
4256 3743 32 3743 12
4257 26 26 26 14
4259 2354 30 2354 12
4260 2338 21 2338 12
4262 4155 37 4155 17 4270 15
4263 26 26
4265 2884 22
4266 1144 35
4270 1160 35
4271 3062 25
4272 3062 25
4278 26 26
4282 2196 33 2196 12
4283 1901 31 1901 19
4286 4182 37
4287 26 26
4288 3838 32 3838 12
4289 2247 11 4115 12 2587 12 4297 12 3623 14
4290 2884 22 2884 12
4291 3743 32 3743 12
4292 2119 30 2119 12
4294 3838 32 3040 13 3838 12
4297 2247 11
4300 669 23 669 12
4301 2247 22 2247 12
4305 2587 25 2587 13
4306 3648 31 3648 12 4230 17 452 12 3317 12 3736 13
4310 4309 40 4309 21
4315 2884 22 2587 12 2884 12
4317 4230 33 4230 12
4318 2338 10
4321 3372 33 4230 13 3372 16
4326 669 22 669 12 3643 12
4328 4039 32 4039 12
4330 2119 30 2119 12 977 12 3670 13 190 12
4332 3819 21 3819 12 4115 12
4337 1764 20 3819 12 1764 12 3814 12 2354 12
4339 2119 30 2119 12
4340 3518 38 3518 12
4341 4571 8 2782 12 3819 12
4342 506 23 506 12
4343 3518 38
4347 4346 23 4346 12
4350 26 26 26 12
4352 4115 20
4353 2020 24 2587 12 3759 12
4358 1293 21 3573 12 4641 1 1293 12
4360 26 27
4361 2587 24 2587 14
4362 3523 32 3523 12
4363 2587 24 2587 14 4115 16 2545 13
4365 1293 21 1293 12
4367 3845 34 3845 13
4370 2247 22 2247 12
4371 4471 22 26 12 3674 12 4471 12
4374 4230 34 4223 13 4528 12 4230 16
4378 3857 37
4379 3857 37
4384 3857 37
4386 3857 37
4387 3857 37
4389 3857 37
4390 3857 37
4391 2732 34
4392 4569 10 163 13 2077 12 3759 16 1786 12
4394 2511 34 4396 12 2511 16
4395 3503 23 3503 12
4397 2884 20 4314 12 2884 10
4398 4206 25 4206 12
4399 4316 31 4316 12
4400 441 20 3566 12 441 12
4405 3759 32 3759 12
4406 441 9
4408 4316 31 4316 13
4409 3691 23 4410 12 3691 12 4135 12
4410 4409 35 4409 12
4411 4316 32 4316 13
4412 26 26
4414 1764 9 3643 12
4415 3643 11 3643 12
4422 4372 20
4423 4348 23 4348 12 4443 1 4503 12 26 12 4465 12 4746 12 3214 12 4780 12 3413 13 4251 12 5101 12 2479 12 5051 13 1892 13 3352 13 4681 12 4473 14 5162 12 2001 12 5216 12 5490 13 5508 12 3354 12 4183 1 5643 12 5433 12
4425 4333 33 4333 12
4428 3910 24 2264 13 3910 12 26 13
4429 3391 28
4431 3646 20 3356 12 264 12 4404 12 5454 21 3800 15 4206 15
4432 4314 22 4314 12
4439 4427 20 4277 12 4427 12
4441 4689 34
4442 2884 22 3546 12 4481 12 4277 12 2884 13 4504 12
4445 4115 31 4115 12
4449 3623 23 3623 12 4530 14
4450 1998 22 3503 13 3379 12 1998 16
4456 441 9
4457 3643 11
4462 4455 19
4464 4314 22 4314 12
4473 864 18 313 12 1505 12 4279 12 4471 13 4904 12 864 12 2247 12 240 13 5053 12 26 13 4423 15 3670 18
4486 2587 24 2587 12
4487 2347 33 2347 13
4490 3503 23
4503 4741 31 4423 12
4506 2884 22 4316 12 1585 12 2884 12
4510 3356 32 3356 12 4566 12
4511 3503 23 1783 12 3503 12 26 12 4512 13 2884 13
4512 4511 36 4511 13
4513 2077 17 4115 12 2444 12
4519 4524 18 4513 1 4524 1 3759 21 977 13
4520 2545 30 2545 12 4277 12 977 15
4524 2077 17 2884 12 4115 12 4519 1
4527 4316 31 4316 13
4528 993 31 4374 13 4223 16 993 12 4230 16 2182 16
4530 4449 37 4449 12
4538 3331 37 3331 12
4539 4115 31 4115 12
4541 2884 23 2884 19
4543 2884 22
4544 1764 21
4553 3503 23 3503 12 4316 13
4562 2545 30 2545 12
4580 4545 20 4545 12
4581 26 26
4587 1764 9
4595 4171 23 4171 12
4599 2264 35 2264 13
4601 3266 32 3266 12
4605 3503 23 3503 12
4611 1764 9 4545 1 1764 1 4658 12 3819 1
4616 3391 19
4620 3062 25
4621 3062 25
4630 3062 25
4631 3062 25
4632 3062 25
4634 3062 25 5603 12
4635 3062 25
4636 3062 25
4637 3062 25
4640 4246 30 4246 12
4641 3819 20 4246 12 3378 12 3819 12
4647 4372 9
4648 4372 22
4649 4571 8
4650 2884 11 4656 13 2545 13 2884 14
4651 1764 9 4652 17
4652 1764 9 4651 18
4656 1764 9 2884 12 4650 12 3573 12 4660 12 4666 12 4366 12
4660 4656 21 4656 13
4662 3958 20 3958 13
4667 1786 32 1786 14
4668 1485 31 1485 13 5194 9 18 14
4670 3573 31 4656 1 3573 12
4672 3819 21 3623 12 1786 12 4545 13 2884 12 3819 13 4115 12
4673 3825 23
4675 4604 20 4604 13
4677 26 26 2264 12
4678 1310 26 1310 12
4682 26 26 26 12
4683 4206 25 4206 12 4235 12 4705 12
4691 3062 25
4692 3062 25
4693 3062 25
4694 3062 25
4695 3062 25
4699 4223 26 4223 12
4704 2545 30 2545 13
4705 1764 14 2204 12 4683 12 3148 12 1512 12 1997 12 4521 12 1764 12 4740 12
4706 1764 9 4115 12
4709 26 26 26 12
4712 2247 11 2545 14
4715 4115 31 4115 12
4717 3670 34 3670 12
4724 1764 9 4604 12 2273 12 4727 12
4725 2077 30
4727 1764 9 4724 12
4730 26 26
4731 26 26
4732 460 47
4733 460 47 460 21 4732 21 1150 21
4734 4604 20 4521 12 4604 12
4735 26 26 26 12
4738 4604 20 4604 13 4603 14 4769 12 4519 1 4206 12
4742 4521 30 4521 12
4743 1764 11 4766 13
4746 26 26 4423 12 1870 14 26 13 2974 12 18 1 240 12 5191 1 5192 12
4756 4604 20 4604 12
4758 4206 25 4115 13 3759 13 4206 14 977 13
4760 1998 20 4697 13 5009 12 1998 12 313 18 5815 12 2204 12
4762 26 26 26 12
4764 3670 35
4766 1764 11 4743 16 3019 12
4768 3646 23 5224 12 1310 16 3631 13 44 1 505 14 86 12 1689 12 4973 14 3497 14 5064 12 5438 12 4206 10 5346 12 5478 12 5531 12 5420 12 5549 10 5582 12 5597 12 5633 12 5635 12 5639 10 5494 10 98 10
4769 4471 22 4697 12 4771 12 4738 12 26 12 4471 12
4771 4769 34
4772 26 26 26 16
4773 26 27
4775 4545 20 3573 12 4783 12 4801 12 2587 12 4921 12 4933 12 4279 13 1873 12 4413 12 3354 12 4545 12 5309 12 5349 12 4206 12 5379 12 3209 12 5372 12 3378 13 3800 12 2778 12 1369 12 5222 13 5444 12 5512 13 4115 16 3910 14 5134 12 4619 12
4787 3819 20 2884 14 4471 12 3819 12
4789 4604 21 4604 13 4413 12
4790 3910 25 2418 12 5319 12 3910 12
4794 4545 20 4115 12 3379 12 4545 12 4921 12
4795 4471 22 313 12 4796 10 4471 13
4799 2338 21
4803 26 29 26 16
4808 4807 21 4807 19
4809 4783 21 4783 12
4810 2093 34 2093 13
4817 2077 26
4818 2077 26
4819 2077 26
4820 2077 26
4821 2077 26
4822 2077 26
4825 4471 23 4471 12
4826 4604 20 4604 12 977 21 3649 21
4830 4829 25 4829 12 3497 14 5338 12 4299 12 5524 14
4831 1293 21 1293 12
4835 2580 22 4837 12 4838 12 4839 12 4840 12
4837 4835 34
4840 5269 20
4845 4092 22 4806 1 4471 13 3751 13 3100 12 3379 12 2273 13 5022 12 4115 14 4092 12 4741 14 4619 10
4849 4206 27
4851 3819 21 4471 12 3819 13
4852 4471 22 4471 12
4854 6 31 6 12
4860 4689 34
4861 4689 34
4862 4689 34
4868 977 38 190 18
4869 4115 31 4115 12
4871 3638 30 1786 12 3638 12
4873 2077 17 4471 12 4874 12 4875 12 4876 12 2778 12 2654 12 4885 1
4874 2077 17 4873 12
4876 4873 29 4873 12
4877 1310 26 4115 12 5011 12 1310 16 505 12
4881 26 26
4883 4230 32
4889 4888 24 4888 12
4892 859 32 859 12
4896 4988 11 4604 13 4923 12 4924 16
4906 2077 28
4908 4765 20
4911 2433 33 4903 12 2433 12
4914 2338 21
4917 4471 22 2264 12 3674 12 4471 12
4919 2592 22
4921 3819 20 26 16 4891 13 4521 12 4775 12 4115 12 4964 12 4698 12 2062 12 4794 12 4997 12 3926 12 4933 12 506 13 3378 13 4996 12 4427 12 4972 12 4944 1 4981 12 2420 12 5026 12 4303 12 4741 12 3819 12 18 1
4922 1853 24 2587 13 3 19 1853 12
4925 4471 22 4471 16
4928 26 26 26 12
4932 26 26 26 16
4933 1764 20 4775 12 4279 12 2083 12 2587 12 4521 12 4921 12 4741 12 3573 12 18 21 1907 14 2185 12 5149 12 5152 12 4168 10 4792 13 4748 12 4206 13 240 12 4413 13 5134 10 4503 13 5048 9
4938 506 23 506 12 507 21 4792 12
4939 4935 21 4935 12
4945 864 7 4604 13 4947 12
4946 4039 33 4039 13
4947 4945 19 4945 12 4896 1 4988 12
4948 506 23
4953 26 26 26 12 3924 12 3674 12
4957 4937 33 4937 12
4960 4115 31 4115 12 4161 1 4152 1
4964 2247 24 4921 12 26 12 2247 13 4741 14
4969 2587 24 2587 12
4970 1764 11
4971 2218 14
4974 2338 10 4967 12 4972 12 4975 12 4976 12 4977 15 4978 12 4979 12 4980 12
4975 2338 10 4976 12 4977 13 4978 16 4979 13 4980 12
4976 2338 10 4975 12 4977 12 4978 12 4979 14 4980 12
4977 2338 10 4976 12 4975 12 4978 14 4979 16 4980 12
4978 2338 10 4976 15 4975 13 4977 13 4979 17 4980 13
4979 2338 10 4976 14 4975 12 4977 14 4978 12
4980 2338 10 4976 12 4975 12 4977 13 4978 12 4979 12
4982 3649 30 4230 13
4984 4206 14 3751 12
4985 2077 22
4986 1377 43 1377 15
4988 2338 10 4896 1 5036 16
4989 2077 26
4990 2077 26
4991 2077 17
4992 4901 34
4994 1764 9 5004 12
4995 4034 32 4034 12
4996 4034 32 4921 12
4997 4921 32 4921 12
4998 26 26
4999 26 26 26 13
5001 1571 32 2264 12 1571 12
5003 26 26 26 12
5004 1764 9 4994 21 1764 1
5005 3032 33
5010 4092 11 5134 13 35 14 4741 12 3819 13
5011 4877 38 4877 12
5012 3747 34 3747 12
5013 2077 17
5014 2077 17
5015 2077 17
5016 2077 17
5018 2077 17
5019 2077 17
5022 4092 11 4845 12 4994 12 4115 12 4748 1
5023 2077 17
5025 3674 32 3674 12
5030 864 18 2083 16
5035 4279 32 4279 12
5036 2338 10 4988 21
5041 26 26 26 16
5042 26 26
5043 26 26
5044 26 26
5045 4444 27 4039 12 4427 12 4444 12
5047 26 26
5048 26 26 3573 12
5053 69 20 4850 12 5093 12 3275 12 4473 12 5158 12 69 12 321 12
5054 4471 11
5055 2077 17
5056 1764 10
5057 1764 9
5059 4471 11
5063 26 26 4115 13 26 14
5064 3646 23 1310 16 4768 12 86 12 4973 12 505 12 3497 12 1689 12
5065 1998 20
5066 1998 9
5067 4471 11
5068 4471 11
5069 4206 34
5070 3430 40 3430 21
5071 1998 9
5073 2077 17
5076 2077 17
5078 2077 17
5079 2077 17
5083 2077 17
5086 1011 34
5087 3631 23 3631 12 5423 12 4830 16 5637 12
5088 2077 17
5094 506 23 506 12
5095 2349 22 2349 1
5096 4471 11
5097 2077 17
5100 1998 9 5104 12 5105 12 5106 1 1998 1 4471 1 4807 1 3643 1 4092 1 1907 1 5107 21 5111 21
5103 2077 17
5104 1998 9 5100 12 5105 12 5106 1 4807 1 4471 1 1998 1 3643 1 4092 1 1907 1
5107 1998 9 1907 1 4092 1 3643 1 1998 1 4471 1 4807 1 5108 21
5108 1998 9 4471 1 1998 1 3643 1 4092 1 1907 1 5109 21
5109 1998 9 4471 1 1998 1 3643 1 4092 1 1907 1 5110 21
5111 1998 9
5117 2077 17
5119 2338 21 4092 21 3555 21
5122 1764 9 5123 12
5127 26 24
5130 2077 17
5134 5621 12 5148 12 5158 14 26 12 5162 12 306 12 5010 14 4962 13 584 12 3573 12 5200 12 4444 12 2778 12 4559 12 3910 14 500 12 5555 12 5512 12 4775 12 5626 12 5603 21 5363 12 5656 12 5583 12 41 12 5677 12 5319 13 1764 12 69 12 3275 12 3728 13 2020 12 5638 12 5584 12 5707 12 3379 13 4824 12 2675 13 5730 12 5731 12 1786 12 4338 13 3378 14 5798 12 3258 12 5355 13 5797 12 176 14 5816 12 2084 13 2884 12 5817 12 5821 12 35 16 5804 12 4123 12 5833 12 5511 12 1804 12 5842 12 5841 12 2204 12 3523 12 5832 14 4413 12 506 12
5135 5120 10 2884 12 5124 1 5138 12 2974 12 4521 12 5119 12 4741 12 4604 12 4115 14 3728 12 5192 12 5202 12 5200 12 2570 12 4206 12 3910 13
5138 4092 11 5135 12 3040 12 3910 12 3826 12 4115 12
5139 2077 25
5142 2077 25 3670 12 5144 21 5145 1
5143 26 26 2974 12
5144 4471 11 5146 21
5145 5142 26 5142 1 5144 1 5146 1
5146 4471 11 5144 21 5147 21
5147 4471 11
5148 5134 24 5134 12
5150 4444 22
5152 1998 18 4933 12 5158 12
5154 26 26
5155 26 26 26 12
5156 3910 24 4936 12 5157 12 4092 12 5222 12 5425 12
5157 4936 32 5156 12 4936 12
5158 864 18 5152 12 1283 12 5134 14 3658 10 5303 12 5304 12 3910 12 864 12 1603 15 5053 12 5325 12 5340 13 5350 12 3356 12 4521 12 2699 1 5352 12
5162 4092 11 5134 12 4466 12 428 12 5192 15 2083 12 240 16 3910 16 5202 18 4423 13 26 13 4279 12 3819 12 5309 13
5166 3646 22 240 12 4235 20 5269 12 4741 13 3819 16 4115 13 5512 17
5167 66 33 66 12
5168 2264 35 2264 12
5181 2247 22 2247 13 3910 13
5182 2077 25
5183 2077 26
5187 2077 25
5188 4230 32 4230 12
5189 3649 30 3649 12 3837 10
5190 3638 39 3638 21
5191 2077 25
5192 5135 22 4746 12 5196 12 5135 12 5162 15 5208 12 3356 13 4681 12
5193 1204 25 2256 16 1204 13 947 15
5194 2077 25
5196 5192 34 5192 12
5197 2077 25
5198 4230 32 4230 12
5199 4559 27 4559 12
5200 3819 20 3819 12 26 13 3573 12 5134 12 5135 12 3743 14
5201 2077 25
5202 5135 22 5135 13 3649 12 5216 12 5215 13 5162 18 2974 12 4115 12
5203 4206 29 4206 16
5206 3910 18
5208 5192 34 5192 14
5209 2077 25
5212 3910 24 3910 12
5213 240 30 240 12
5214 240 30 240 16
5215 4559 33 5202 14 4559 21
5216 3910 25 3910 12 5202 12 4423 12
5218 3910 20 2269 12 5251 12 5270 1 5273 12 5186 13 5276 1 5277 1
5220 2077 25
5221 1685 26 3638 12 1685 12
5224 1310 26 5582 12
5227 864 18 864 12
5230 2077 26
5233 2077 25
5236 2077 25
5238 2077 25
5239 2077 25
5244 2062 19
5251 4092 11 5218 12 5354 12
5252 3910 13
5253 3910 26 3910 16
5254 1773 31 1773 12
5256 2077 25
5257 26 26
5265 5266 44 5266 12 5296 12
5267 2077 25
5268 3910 25 3910 14
5270 5218 21
5271 3275 21 3275 12
5273 1764 9 5218 12 5327 12
5276 5218 21 5218 1
5277 5218 21
5279 5269 11
5288 5269 11
5289 3910 24 5186 12 3910 12 5366 12
5291 2077 26
5293 2077 26
5294 2077 26
5295 2077 26
5297 2077 25
5298 2077 25
5301 5269 11
5304 2587 24 2587 12 3910 12 5158 12 5309 12
5306 2077 26
5307 2077 26
5309 864 18 4206 12 4604 12 4833 12 5162 13 2949 12 603 12 5343 12 5304 12 4775 12 4427 13 3379 12 4127 12 864 13 4518 12 3573 12 3638 13 2016 13 4279 14 5349 12 5328 12 3819 12 4521 19 3670 15 1998 12 5433 12
5311 2077 25
5312 2077 25
5313 2077 25
5314 864 18 3888 13 2241 14 4760 12 3638 14 864 12 5320 13 977 14 4206 15 4521 12 5326 12 5329 12
5315 3910 24
5316 4521 30
5318 26 30
5319 441 21 5317 14 5370 20 5384 12 4790 12 3910 13 1945 1 2876 12 5598 12 4559 12 2254 12 1971 14 5532 6 5134 13 5603 12 441 13 5682 4 1764 14 5806 12 1718 13
5320 5314 31 5314 14 5321 15
5321 5320 46 5320 17 5322 13 5326 13
5322 5321 59 5321 12
5323 1764 20 5362 12
5325 5158 30 5158 12
5326 5314 30 5321 19 5314 12
5327 1764 9 5273 12
5328 5309 30 176 19
5329 5314 30 5314 13
5330 1277 24
5331 3910 25 3910 15
5334 6 32 6 12 5335 12 5338 12
5335 6 31 6 13 5334 12
5336 2077 26
5338 6 31 6 12 5334 12 4830 12 4465 12 5382 10
5340 5158 31 5158 13
5342 2077 26
5343 5309 30 5309 12
5345 2338 21 3631 12 2338 12 5775 12
5349 4235 30 4775 12 4833 12 1786 13 5309 12 5482 13
5350 5158 30 5158 12
5354 4092 11 5251 12
5355 1764 20 3819 12 24 12 1804 12 5778 14 3258 12 5134 13 4206 12 5649 12 26 12 2020 12 1764 13 2338 14 2254 12 5843 13 5845 12 3356 13 3275 14 3728 16 4559 16 506 12 321 13
5357 3638 31 3638 13
5358 4135 29
5359 2559 38
5362 5323 32
5363 2338 21 1804 12 2602 12 5472 16 4444 12 3910 12 5134 12 5319 12 1275 13 2084 12 4559 16 1998 12 3728 14 3841 14
5365 3910 24
5366 3910 24 4559 12 5372 12 5289 12 3910 12
5368 3910 18
5369 3910 18
5370 5319 41
5372 3275 21 3275 12 3379 12 5366 12 4775 12 2020 12
5373 2077 25
5375 4206 25 5603 13 4206 13
5377 1764 9 5447 12
5379 4092 13 4775 14 5394 1 2446 1 1764 1
5381 26 26 26 12 5485 12 5486 12 5487 12 5488 12 5489 12
5382 3910 24 4521 12 2748 10 5383 10 2949 12 5384 12 5387 12 5338 10 3910 12 2938 12 5395 12 3573 12
5383 5269 11
5384 1011 31 5382 12 5400 12 5542 12
5391 1310 15
5392 4983 46
5393 1310 26
5394 1998 9
5395 1998 9 5396 12 5269 1 5382 21 1998 1
5396 1764 9
5398 3631 22 26 12 3631 12 5470 21
5399 4115 31 4115 12
5400 5384 43
5401 86 24
5403 3 35
5407 26 26
5408 26 26
5410 1764 10 5406 12
5417 1310 26
5420 1689 35
5421 5378 22
5423 5087 35
5424 1310 27 1310 14
5425 1310 27 1310 13 5452 1
5427 3646 22 1624 13 3646 12 5437 1 5436 1 4219 13 3800 12
5431 86 24 86 12 3564 12
5434 1907 21
5437 1998 9
5438 86 26 86 13
5440 26 26
5441 26 26
5444 2974 29 4521 12 5456 1 2710 12 5472 13 3751 12 4775 12 5491 12 4279 12 2974 12 5613 12 4115 14
5445 86 24
5447 1764 9 5377 15
5448 3564 34
5450 5433 22
5454 1310 24 5680 12
5456 1277 9 26 12 5457 12 5459 12 5466 12
5457 26 15 5456 12 5222 12
5458 3354 32 3564 13 3354 12
5459 5456 21 5456 12 5595 12 5624 1
5466 5456 21 5456 12
5467 3378 22 5512 13 5433 13 3378 12 2084 12 5725 12 3910 13
5470 5398 43 5398 21
5472 321 32 5444 12
5473 3646 22
5478 3631 22 3564 12
5479 3631 22 3646 15 5571 14 5719 14 5724 14 5723 10 5752 14 3631 12
5480 26 26 26 12
5481 2974 29 2974 12
5482 26 26 5349 13
5483 2347 32 2347 12 5512 12
5485 5381 38
5486 5381 38
5487 5381 38
5488 5381 38
5489 5381 38
5490 3379 25 4736 12 3379 12 4423 13 5518 21 5519 21
5494 1310 24 3564 14
5496 4092 11 5457 10 4115 12 5378 12 3751 12 1685 15 2062 12 2974 12 5551 12 5552 12 5222 12
5501 5388 35
5502 3646 22 1310 13 5388 13 3646 12 3396 16 5556 14 5521 16 5506 16 5687 16 5715 12
5504 4219 33 4219 15 98 13 5420 15
5506 3646 22 5473 12 1 14 5687 16 5502 16 3646 12 5521 16 5388 13 2931 10 5429 12 2765 13 5713 15
5507 1685 28 1685 14
5508 2338 19 3800 12 2062 12 5512 13 4423 12
5512 1998 20 3696 12 3379 12 5533 13 3506 12 5483 12 441 12 2949 12 5222 12 2876 12 5467 13 3275 12 4775 13 3819 13 5579 12 3523 12 5538 16 5587 12 5134 12 4759 12 2016 12 2939 12 5590 13 4559 12 4845 12 5600 1 5433 15 3825 12 3340 12 1998 12 5605 12 5606 12 4206 12 4465 12 3356 13 4092 12 1718 12 3643 12 5614 12 5615 12 669 12 5166 16 4427 13 5603 16 5651 12 5532 1 3751 13 3573 12 5673 1 3579 13 3800 13
5518 1998 20 5490 21 5519 21
5519 26 26 5490 21 5518 21 5554 14 26 18 5716 12
5524 4830 39 4830 14
5527 3751 32 3751 12 4092 12 5603 12
5528 2346 26 2570 12 5496 12 5558 12 5560 12 5563 12 5564 12
5529 2974 29 2974 12 3751 13 2570 12
5531 3564 34 3564 12
5532 4092 11 4559 12 2570 12 5581 12 4444 13 4092 13 2974 13 2117 13 5512 14 2949 12 3910 13 3825 13 5609 12 5630 12 5629 6 5491 15 4296 12 5632 6
5536 3910 22 5543 13
5538 5512 36 5512 16
5541 3646 23
5542 5384 43
5543 2093 30 3506 14 5553 14
5545 864 7 4833 12 3356 14 2338 12 5553 13 5573 14 2876 14 5584 16 5679 19 5684 18
5546 4123 21 4123 14
5547 26 26
5548 26 26
5551 5496 23 5496 12
5552 5496 23 5496 12
5553 5545 20 5543 13 5545 13
5554 5519 40
5555 5134 24
5556 3631 22 5388 12 1310 13 3631 12 5506 13 3396 16 5521 15 5502 16 5687 16
5559 2347 38 2347 18
5560 5528 38 5528 12 5561 12
5561 5560 50 5560 16
5563 5528 38 5528 12
5564 5528 38 5528 12
5565 3800 30 3800 12
5567 3751 32 3751 12
5569 4299 34
5570 153 24 1310 13
5571 3646 24 5479 13 3646 14
5572 4413 33 4413 12
5573 5545 21
5578 2020 26
5579 5512 32 5512 12
5582 4768 35 5635 16 5411 12 5224 12
5583 0 13 4115 12 4987 13 26 12 5532 6
5585 3751 32 3751 12
5587 5512 32 5512 13
5588 3646 22 3646 12
5589 1310 24
5590 5512 33 5512 15
5591 3910 24 3910 12 26 12 5512 16
5592 4230 34 4230 14
5595 5682 24 5459 12 5682 12
5597 4768 35
5599 2117 33 2117 12
5600 5512 21
5601 1700 25 1700 12
5602 3910 24
5604 3564 34
5605 5512 32 5512 12
5606 5269 22 5512 12 5433 12 5269 12
5608 10 22
5609 4092 11 5134 12 5532 13 5617 21
5610 5550 31
5611 5413 30
5612 1514 24 1514 12
5613 5444 41 5444 12
5614 5512 32 5512 12
5615 5512 32 5512 12
5616 3910 18 5222 15
5621 4092 11 3910 1 3646 1 5134 1
5626 5134 24 5134 12
5627 2765 34
5628 4092 11
5629 5532 17 5532 12
5630 5532 23 5532 12
5631 2765 36
5632 5532 17
5633 4768 35
5634 3786 34
5635 4768 35
5636 2338 19
5637 5087 35
5638 3378 22 3378 12 5134 12
5639 3646 19
5640 26 26
5641 26 26
5642 3646 22
5643 5413 30 5413 12 5645 21 4423 12 5727 12 3838 12
5645 5643 51 5643 21
5649 5355 32 5603 6 3728 12 2247 10 5705 12 1764 12 5355 12
5650 3728 34 3728 13
5652 5550 23
5654 5413 30
5655 1921 26
5656 5134 24
5657 5544 48
5658 3191 39
5660 3910 24 4430 12 3910 12 26 12 3751 12
5662 1907 21
5667 3631 22 549 12 3631 13 1310 14 5550 14
5669 2077 28
5670 5644 45 5647 19
5671 3841 25
5672 1921 30
5673 5682 13 5512 21
5674 26 28
5675 26 28 26 17
5677 5134 24 2809 12
5679 5545 26 5545 19
5680 3646 19
5682 1764 12 5595 12 3378 12 5673 1 5685 1 5700 12 26 12 5705 12
5683 3800 30 3800 12
5684 5545 25 4521 12
5685 5682 13
5686 851 34 851 12
5687 3646 22 5556 16 5521 18 5506 19 5502 19
5691 3378 20
5693 3378 22 3378 12
5694 1689 35 5478 12
5695 26 26
5699 1310 26
5700 5682 24 5682 13
5705 69 20 4619 12 26 13 5682 1 5729 12 4206 12 2876 12 69 12
5706 3752 42
5708 1310 26 5414 12 1310 12
5711 4206 25 26 13 4206 12 5726 12
5713 5506 37 5506 15
5714 3643 22
5715 5502 34 5521 16
5719 3646 23 5479 13 3646 12 4829 12
5720 26 26
5721 75 24 75 12
5722 1293 21
5723 3646 22 5479 12
5724 3646 23 5479 13
5725 5467 34 5467 12
5726 5711 37 5711 12
5727 5643 42 5643 14
5728 2338 21 2338 12 2204 12 5729 12
5729 4092 22 5728 12 26 12 5705 12 4092 12 5783 12 4860 12 5784 12 5782 12 5785 12 5786 12 2793 12
5730 5134 24 5134 12
5731 5134 24 5134 12 26 12
5732 26 26
5733 2884 22 2884 13
5734 1764 21 1764 13
5735 1764 20 1764 12
5737 1907 25
5738 69 20 69 12
5739 5736 34 5736 21
5740 3910 24
5741 1998 20 1998 12
5743 26 26
5744 26 26
5745 2338 19 4559 12
5746 1998 20 1998 13
5752 3646 23
5754 26 26
5755 977 36
5756 4444 33 4444 12
5765 2338 21
5766 26 28 26 19
5769 3751 32
5770 26 26 26 12
5773 26 26
5774 4444 22
5775 5345 33 5345 21
5778 4427 31 4427 13 5355 14
5780 4206 27 4206 16
5782 5729 34
5783 5729 34
5784 5729 34
5785 5729 34
5786 5729 34
5788 4833 35
5789 10 26 10 15
5791 5388 37
5792 3800 30
5794 3643 22
5795 26 26
5796 26 26 3800 14 26 13
5797 1998 21 24 12 2020 12 2016 12 4206 13 1998 12 4413 12 5134 12 26 12 35 12 5491 12 4444 14 3638 12 5859 12
5798 5134 24
5800 26 26
5801 0 13 0 14 2020 14
5802 26 26
5803 26 26
5805 1 38 5506 16
5806 5319 33 5319 12
5807 26 26
5808 26 26
5809 26 26
5810 26 26
5811 4123 32 4123 12
5813 4444 33 4444 12
5814 1998 20 1998 12
5815 26 26 26 12 4760 12
5816 5134 24 5134 12
5817 5134 24 5134 12
5820 86 13
5821 5134 24 2016 12 5134 12
5822 2338 19
5825 4123 34 5827 16 5835 13 5819 13 5872 14 4123 14
5826 4123 32 5827 15 4123 15 5830 15
5832 3378 22 5134 19 3378 15 2020 14
5833 5134 24 5134 13
5835 5825 47 5825 14
5838 4123 32 4123 13
5839 1998 20 1998 21
5840 26 26
5841 1764 20 5134 12 1764 12 98 12 5859 12 2338 13 3728 12
5842 5134 24 5134 12
5843 5355 33 5355 13
5845 506 23 5846 12 506 13 5804 12
5846 5845 35 5845 12
5849 10 14
5852 4444 22
5853 4444 22
5855 26 26
5856 26 26
5857 26 26
5858 506 23 3523 12 24 12 506 13 3354 13
5859 2338 22 5841 12 26 14 3728 14 2338 13 3523 18 3378 14 506 13 35 12 5797 12 1764 15
5860 10 26 10 13
5861 3378 22 5722 12 3378 12
5862 4444 33
5863 506 23
5864 4206 25 4206 12
5865 3523 31 3523 18
5872 5825 48 5825 14
5873 26 26
5874 26 26
5878 5692 38
5879 26 26
5880 26 26
