30
0 -1 0 1 4 2 3 5 6
1 0 4 0 4 3 2 6 5
2 0 3 0 3 3 5 7 4
3 1 6 1 2 2 5 4 7
4 8 11 2 4 3 7 8 2
5 0 6 0 6 1 5 6 3 9 3
6 1 9 1 5 5 6 10 1
7 2 7 2 4 3 7 8 2 11 3
8 7 9 4 2 7 2 9 4 12 5
9 5 9 5 3 8 4 13 2
10 6 10 6 1 11 2 14 3
11 7 10 7 3 10 2 12 3 15 4
12 13 12 8 5 11 3 13 1 16 2
13 9 11 9 2 12 1 14 2 17 3
14 10 13 10 3 13 2 15 1 18 2
15 11 14 11 4 14 1 16 3 19 2
16 12 14 12 2 15 3 17 2 20 1
17 13 14 13 3 16 2 18 3 21 4
18 14 15 14 2 17 3 19 1 22 3
19 15 16 15 2 18 1 20 2 23 3
20 16 15 16 1 19 2 21 3 24 4
21 17 18 17 4 20 3 22 2 25 3
22 18 18 18 3 21 2 23 4 26 2
23 19 19 19 3 22 4 24 3 27 2
24 20 19 20 4 23 3 25 2 28 3
25 21 21 21 3 24 2 26 3 29 4
26 22 20 22 2 25 3 27 2
27 23 21 23 2 26 2 28 3
28 24 22 24 3 27 3 29 2
29 28 24 25 4 28 2
