30 96
1 4 2 3 5 6
0 4 3 2 6 5
0 3 3 5 7 4
1 2 2 5 4 7
2 4 3 7 8 2
0 6 1 5 6 3 9 3
1 5 5 6 10 1
2 4 3 7 8 2 11 3
4 2 7 2 9 4 12 5
5 3 8 4 13 2
6 1 11 2 14 3
7 3 10 2 12 3 15 4
8 5 11 3 13 1 16 2
9 2 12 1 14 2 17 3
10 3 13 2 15 1 18 2
11 4 14 1 16 3 19 2
12 2 15 3 17 2 20 1
13 3 16 2 18 3 21 4
14 2 17 3 19 1 22 3
15 2 18 1 20 2 23 3
16 1 19 2 21 3 24 4
17 4 20 3 22 2 25 3
18 3 21 2 23 4 26 2
19 3 22 4 24 3 27 2
20 4 23 3 25 2 28 3
21 3 24 2 26 3 29 4
22 2 25 3 27 2
23 2 26 2 28 3
24 3 27 3 29 2
25 4 28 2