0 5000 15
100 4000 7
200 3000 12
300 4500 4
400 5500 19
500 6000 8
600 3500 13
700 2000 6
800 2500 17
900 4800 3
1000 5200 11
1100 3700 9
1200 4300 14
1300 5800 5
1400 2900 18
1500 3400 10
1600 4600 16
1700 5100 2
1800 2700 20
1900 3300 1
2000 5600 12
2100 4100 7
2200 4700 15
2300 3200 3
2400 3800 9
2500 5400 13
2600 4900 6
2700 3600 17
2800 4200 4
2900 5700 11
3000 4400 8
3100 5000 14
3200 5500 5
3300 3000 19
3400 3500 2
3500 4000 10
3600 4500 16
3700 5200 7
3800 4800 12
3900 4300 3
4000 5800 15
4100 3400 9
4200 3900 13
4300 4600 6
4400 5100 18
4500 2700 4
4600 3200 11
4700 3700 8
4800 4200 14
4900 4700 5
5000 5300 17
5100 2800 2
5200 3300 10
5300 3800 16
5400 4300 7
5500 4800 12
5600 5400 3
5700 5900 15
5800 3100 9
5900 3600 13
4999 5880 10